0 99 17
8 61 26
10 97 12
18 54 44
36 94 18
37 58 47
37 102 20
43 94 16
52 54 43
54 94 20
55 102 20
56 96 9
73 54 36
73 63 37
73 99 19
82 61 51
83 97 15
92 54 47
109 58 52
109 94 22
110 102 21
127 54 46
128 94 23
129 58 54
129 96 9
129 102 21
145 62 36
147 54 39
147 63 47
147 99 20
156 61 59
157 97 17
163 53 29
165 66 31
166 54 50
183 58 57
183 94 25
184 96 11
184 102 22
203 63 36
206 51 38
219 58 58
219 66 47
220 94 24
221 96 11
221 102 22
240 61 40
241 50 33
244 68 16
245 50 28
248 49 20
256 59 58
256 65 49
257 93 15
257 95 19
257 97 14
257 99 11
257 101 23
275 58 50
275 77 18
276 65 50
276 71 33
276 93 15
276 95 18
276 97 16
276 99 12
276 101 23
277 59 58
294 75 22
295 63 55
295 99 21
301 59 49
302 73 26
304 61 65
304 97 19
313 68 15
314 49 24
330 65 52
331 59 60
331 93 17
331 95 20
331 97 15
331 99 11
331 101 23
349 58 50
350 65 52
350 71 34
350 93 17
350 95 20
350 97 15
350 99 12
350 101 24
351 59 60
367 75 24
368 99 22
369 63 57
373 59 39
377 73 25
378 61 69
378 80 9
378 97 20
378 101 9
387 68 17
388 49 24
404 65 53
405 59 61
405 93 17
405 95 20
405 97 16
405 99 11
405 101 23
422 59 60
423 65 53
423 93 18
423 95 20
423 97 16
423 99 11
423 101 23
441 75 25
442 63 58
443 99 22
449 58 36
450 61 71
452 80 10
453 97 18
459 55 18
461 49 25
461 68 19
478 65 54
479 59 62
479 93 18
479 95 20
479 97 16
479 99 11
479 101 23
480 68 10
498 51 40
498 63 46
499 70 23
515 65 55
516 93 18
516 95 20
516 97 17
516 99 11
516 101 23
535 66 60
536 73 16
537 54 53
537 90 9
552 58 63
552 85 9
552 94 29
552 102 22
553 96 13
563 94 16
570 54 55
571 59 54
572 94 29
572 96 13
572 102 23
573 58 63
590 54 53
590 63 59
591 99 22
592 94 10
598 61 70
599 80 11
600 97 21
626 58 63
626 94 29
626 96 13
627 98 9
627 102 23
637 94 17
645 78 23
645 94 29
645 96 13
646 58 63
646 66 51
646 102 23
656 94 15
663 63 60
664 99 22
665 94 9
666 54 43
672 61 70
673 80 12
674 97 20
682 66 61
684 54 53
686 92 9
700 58 63
700 94 29
701 96 13
701 102 23
711 94 17
718 94 29
719 66 55
719 96 13
719 102 23
737 63 60
738 99 22
741 54 44
746 61 70
746 80 11
747 97 17
756 66 41
757 54 54
758 92 10
774 58 63
774 78 24
774 94 29
775 66 54
775 96 13
775 102 22
798 51 40
798 63 45
810 66 55
811 94 30
812 96 13
812 102 23
830 73 15
832 50 35
832 61 46
835 68 16
839 49 19
847 59 64
847 65 55
848 93 18
848 95 21
848 97 15
848 99 13
848 101 23
865 58 50
866 93 19
867 59 62
867 65 55
867 95 21
867 97 16
867 99 13
867 101 24
884 75 26
885 99 22
886 63 59
893 73 27
894 60 65
894 80 12
894 101 9
895 61 72
895 97 20
904 49 25
904 68 20
905 61 43
921 65 56
922 59 64
922 68 16
922 93 18
922 95 21
922 97 16
922 99 14
922 101 23
923 73 9
938 60 55
940 59 62
940 65 56
940 93 19
940 95 20
940 97 17
940 99 12
940 101 24
958 75 26
959 63 60
959 82 9
959 99 22
965 59 52
966 73 31
967 80 10
968 61 69
968 97 21
978 49 25
978 68 20
995 65 56
996 59 63
996 93 19
996 95 21
996 97 17
996 99 13
996 101 23
997 68 12
1014 59 62
1014 65 56
1014 93 19
1014 95 21
1014 97 17
1014 99 11
1014 101 25
1032 75 26
1033 99 22
1034 63 61
1037 59 41
1041 73 27
1041 80 12
1042 61 73
1042 97 20
1050 55 19
1051 68 20
1052 49 25
1068 65 56
1069 59 63
1069 93 19
1069 95 21
1069 97 17
1069 99 12
1069 101 23
1087 52 30
1089 51 40
1089 63 53
1090 70 34
1106 59 60
1106 77 23
1106 93 20
1106 95 20
1106 97 18
1106 99 11
1106 101 23
1107 65 55
1126 73 16
1126 90 10
1127 66 61
1128 54 53
1142 58 64
1142 94 29
1143 85 10
1143 96 13
1143 102 23
1154 94 16
1159 54 52
1161 94 28
1161 102 23
1162 96 14
1172 94 14
1180 63 60
1181 99 22
1182 54 44
1189 73 31
1190 61 70
1190 80 11
1190 97 21
1199 70 54
1199 89 14
1200 98 15
1216 58 63
1216 66 55
1217 94 29
1217 102 23
1218 96 14
1224 98 10
1235 57 54
1236 70 54
1236 94 30
1236 102 23
1237 58 63
1237 96 13
1239 98 10
1247 94 16
1254 63 60
1255 94 12
1255 99 22
1263 61 71
1264 80 11
1264 97 19
1272 89 15
1273 98 16
1290 58 63
1290 66 55
1291 94 31
1291 102 23
1292 96 14
1292 98 13
1309 66 55
1309 94 30
1310 96 14
1310 102 22
1313 98 10
1328 63 60
1329 66 29
1329 99 23
1336 73 29
1337 61 71
1337 80 12
1338 97 18
1346 89 12
1347 98 16
1347 101 12
1364 58 63
1364 66 55
1365 94 31
1366 96 13
1366 98 13
1366 102 23
1383 73 50
1383 92 22
1384 101 16
1401 66 54
1402 94 29
1403 96 13
1403 97 11
1403 102 23
1420 75 48
1437 59 61
1437 65 56
1438 93 20
1439 95 21
1439 97 17
1439 99 13
1439 101 24
1457 65 56
1457 93 19
1457 95 21
1457 97 16
1457 99 14
1457 101 24
1476 63 60
1476 99 22
1484 73 30
1485 61 71
1485 80 11
1486 97 19
1511 58 45
1512 65 56
1512 93 19
1513 59 60
1513 95 20
1513 97 16
1513 99 14
1513 101 24
1531 65 56
1531 93 19
1531 95 20
1531 97 16
1531 99 13
1531 101 23
1550 63 60
1550 99 22
1558 73 29
1558 80 11
1558 101 9
1559 61 70
1559 97 20
1586 65 56
1587 59 60
1587 93 18
1587 95 21
1587 97 17
1587 101 24
1605 65 56
1605 93 18
1605 95 21
1605 97 16
1605 99 12
1605 101 24
1623 63 61
1623 82 9
1623 99 22
1632 73 29
1632 80 10
1632 101 9
1633 61 69
1633 97 21
1659 65 56
1660 59 60
1660 93 19
1660 95 21
1660 97 16
1660 99 12
1660 101 23
1678 73 50
1678 92 21
1678 97 15
1679 101 18
1696 65 56
1697 59 60
1697 93 19
1697 95 21
1697 97 19
1697 99 12
1697 101 23
1716 70 55
1716 98 15
1716 101 19
1733 58 63
1733 66 55
1734 94 29
1734 96 13
1734 102 23
1740 98 10
1751 69 30
1751 94 29
1752 66 55
1752 96 14
1752 98 13
1752 102 24
1763 94 15
1770 75 27
1771 63 60
1772 99 22
1779 61 71
1780 80 11
1780 97 18
1789 89 12
1790 98 16
1790 101 12
1807 58 63
1807 66 55
1807 94 31
1808 102 23
1809 96 13
1809 98 13
1819 94 15
1825 94 30
1826 66 55
1826 96 13
1826 102 23
1830 98 10
1837 94 16
1844 75 26
1845 63 60
1846 99 22
1853 61 71
1854 80 11
1855 97 19
1863 89 13
1864 98 16
1880 58 63
1880 66 55
1881 94 28
1881 96 13
1881 98 15
1882 102 23
1889 98 10
1899 57 53
1900 70 54
1900 94 30
1900 102 23
1901 58 63
1901 96 13
1904 98 10
1918 63 60
1919 94 12
1919 99 22
1927 61 71
1928 80 11
1929 97 19
1937 89 12
1938 98 15
1954 58 63
1954 66 55
1955 94 28
1955 98 14
1956 96 13
1956 102 23
1963 98 9
1974 73 50
1974 92 21
1975 101 15
1991 66 55
1992 94 28
1993 96 14
1993 102 23
2003 94 15
2010 75 48
2029 65 55
2029 93 21
2030 59 60
2030 95 21
2030 97 15
2030 101 24
2047 93 20
2048 65 56
2048 95 21
2048 97 17
2048 99 13
2048 101 24
2067 63 60
2067 99 23
2074 73 30
2075 80 12
2075 101 9
2076 61 70
2076 97 21
2102 58 47
2102 65 55
2103 93 20
2104 59 60
2104 95 21
2104 97 17
2104 101 23
2121 93 19
2122 65 55
2122 95 21
2122 97 16
2122 99 14
2122 101 23
2139 63 61
2140 99 22
2149 73 29
2149 80 11
2149 101 10
2150 61 70
2150 97 21
2176 65 56
2177 59 60
2177 93 19
2177 95 21
2177 97 15
2177 99 12
2177 101 23
2195 77 23
2195 93 20
2196 59 60
2196 65 56
2196 95 21
2196 97 15
2196 99 14
2196 101 24
2213 63 61
2214 99 22
2223 73 30
2223 80 11
2223 101 9
2224 61 69
2224 97 20
2250 65 56
2251 59 60
2251 93 18
2251 95 20
2251 97 16
2251 101 24
2268 73 50
2268 92 21
2269 101 17
2286 65 56
2288 59 60
2288 93 18
2288 95 20
2288 97 15
2288 99 13
2288 101 24
2305 70 55
2306 98 15
2306 101 18
2323 66 55
2324 58 64
2324 94 28
2324 96 14
2324 102 23
2331 98 9
2342 57 56
2342 94 29
2343 66 55
2343 70 45
2343 96 14
2343 102 23
2344 58 63
2346 98 10
2361 75 26
2362 63 60
2363 99 22
2370 61 71
2371 80 10
2371 97 18
2379 55 46
2380 66 41
2381 54 56
2383 92 9
2398 58 63
2398 78 24
2398 94 29
2399 96 14
2399 102 23
2417 61 47
2421 49 27
2422 68 18
2434 58 63
2434 66 55
2434 69 33
2435 94 28
2435 102 24
2436 96 15
2446 94 14
2453 65 29
2454 73 18
2455 54 56
2471 94 27
2472 58 63
2472 102 23
2473 96 14
2490 61 47
2493 49 26
2494 68 16
2508 66 55
2508 69 32
2509 58 63
2509 94 29
2509 102 22
2510 96 15
2520 94 14
2529 73 19
2530 54 57
2533 58 38
2547 65 42
2548 53 51
2548 72 17
2551 53 55
2565 53 42
2565 66 45
2566 73 17
2567 54 57
2583 56 43
2584 67 45
2584 93 9
2585 55 64
2585 74 15
2585 91 11
2602 68 45
2602 92 17
2602 94 10
2603 75 13
2604 56 61
2619 65 56
2620 93 20
2620 95 21
2620 97 17
2620 99 12
2621 71 38
2621 101 24
2622 59 64
2635 56 60
2638 84 9
2638 93 20
2638 95 19
2639 59 63
2639 65 55
2639 97 18
2639 99 11
2639 101 24
2656 63 60
2657 99 23
2658 94 11
2659 56 51
2665 73 29
2666 61 70
2666 101 10
2667 56 47
2667 97 20
2674 57 47
2675 68 41
2676 56 59
2676 92 19
2676 94 11
2677 75 14
2693 65 56
2693 93 19
2694 71 38
2694 95 21
2694 97 16
2694 99 14
2694 101 24
2695 59 64
2712 62 44
2714 51 40
2714 63 49
2714 70 33
2730 77 23
2730 93 19
2731 65 56
2731 95 21
2731 97 17
2731 99 13
2731 101 24
2749 68 40
2750 92 17
2750 94 9
2751 56 60
2751 75 16
2766 65 56
2767 93 19
2768 71 38
2768 95 21
2768 97 16
2768 99 14
2768 101 23
2769 59 64
2787 51 40
2787 63 45
2787 70 25
2805 65 56
2805 71 39
2805 93 21
2805 97 16
2806 59 61
2806 95 21
2806 99 13
2806 101 23
2823 68 40
2823 92 17
2823 94 11
2824 56 62
2824 75 16
2842 55 64
2842 74 15
2842 91 11
2842 93 9
2860 92 17
2860 94 10
2861 56 61
2861 75 13
2878 93 19
2878 95 13
2879 57 69
2880 76 10
2896 70 47
2897 94 21
2897 96 14
2898 58 77
2899 77 9
2914 66 55
2914 94 29
2915 96 16
2915 102 24
2918 100 10
2933 94 26
2934 66 55
2934 96 15
2934 102 23
2951 63 60
2953 94 12
2953 99 21
2962 73 30
2962 80 10
2963 61 70
2963 97 20
2971 66 61
2971 92 9
2972 54 54
2988 58 63
2988 94 30
2989 85 10
2989 96 13
2989 102 24
3008 73 12
3011 49 27
3011 61 43
3012 68 15
3025 66 55
3025 69 34
3025 94 28
3026 58 64
3026 102 22
3027 96 15
3046 54 55
3046 73 15
3062 78 24
3062 94 28
3063 58 63
3063 85 9
3063 96 14
3063 102 23
3081 61 47
3086 68 15
3087 49 24
3099 66 55
3099 69 34
3100 58 63
3100 94 29
3100 102 22
3101 96 14
3120 54 57
3120 73 14
3137 65 42
3138 53 52
3138 72 17
3141 53 55
3155 66 43
3156 53 56
3157 73 17
3158 54 57
3173 55 56
3174 93 9
3175 56 47
3175 74 14
3175 91 11
3177 55 63
3193 68 44
3193 92 17
3193 94 11
3194 56 61
3194 75 13
3209 65 55
3210 84 9
3210 93 19
3210 97 16
3211 71 38
3211 95 21
3211 99 13
3211 101 24
3212 59 64
3229 93 19
3229 95 20
3229 97 17
3229 99 11
3230 59 63
3230 101 23
3247 63 60
3248 99 23
3249 94 9
3250 56 51
3256 73 29
3257 61 70
3257 101 10
3258 97 20
3265 68 41
3266 56 59
3266 75 17
3266 92 17
3266 94 10
3283 65 56
3284 93 19
3284 97 16
3285 71 38
3285 95 21
3285 99 13
3285 101 23
3286 59 64
3303 51 40
3303 63 44
3304 70 26
3321 65 56
3321 71 39
3321 93 18
3321 97 17
3322 59 60
3322 95 20
3322 99 13
3322 101 24
3339 68 41
3340 56 61
3340 92 17
3340 94 11
3341 75 16
3357 65 55
3357 93 18
3358 71 38
3358 95 21
3358 97 17
3358 99 13
3358 101 24
3359 59 64
3376 62 43
3378 51 40
3378 63 45
3378 70 25
3395 65 56
3395 93 19
3395 97 17
3396 59 60
3396 95 21
3396 99 13
3396 101 24
3413 68 40
3414 56 62
3414 92 18
3414 94 10
3415 75 16
3433 67 44
3434 55 63
3434 74 15
3434 91 11
3434 93 9
3451 92 16
3451 94 10
3452 56 61
3452 75 13
3469 93 19
3469 95 12
3470 57 69
3471 76 10
3487 94 22
3487 96 14
3488 58 67
3504 66 55
3505 94 31
3506 98 14
3506 102 24
3507 96 14
3524 59 46
3524 94 28
3525 66 55
3525 70 42
3525 98 11
3525 102 23
3526 58 47
3526 96 13
3541 62 45
3542 75 26
3543 63 60
3543 99 22
3544 94 10
3545 58 37
3551 61 71
3551 80 9
3553 97 20
3560 55 46
3560 66 56
3561 84 14
3562 54 46
3579 58 63
3579 69 31
3579 94 28
3579 96 15
3580 102 23
3597 94 29
3598 66 49
3598 85 12
3598 96 14
3598 102 23
3615 75 27
3616 63 62
3617 94 10
3617 99 23
3622 54 46
3625 60 56
3626 73 29
3626 80 10
3627 61 67
3627 97 20
3635 66 56
3635 84 14
3635 92 14
3639 54 46
3653 58 63
3653 94 28
3654 96 14
3654 102 23
3672 69 35
3672 94 28
3673 66 57
3673 96 15
3673 102 23
3675 97 9
3689 75 27
3689 94 9
3690 63 62
3691 99 22
3695 54 36
3699 54 45
3699 73 30
3700 61 69
3700 80 11
3701 97 21
3709 66 63
3709 84 14
3710 92 11
3713 54 46
3726 58 63
3726 94 29
3727 96 14
3727 102 23
3730 100 10
3745 63 54
3745 81 19
3746 51 32
3749 51 33
3752 51 33
3760 67 13
3763 57 40
3763 66 56
3763 94 30
3764 96 14
3764 98 9
3764 102 23
3765 58 56
3765 63 42
3783 73 20
3784 61 46
3784 68 27
3785 49 29
3785 102 9
3788 50 33
3790 49 23
3790 57 29
3800 77 25
3801 65 55
3801 71 39
3801 84 12
3801 93 19
3801 95 21
3801 97 17
3801 99 11
3801 101 23
3802 59 62
3818 64 48
3819 68 14
3819 84 13
3819 93 20
3819 95 20
3819 97 16
3820 65 54
3820 99 11
3820 101 24
3822 49 12
3838 63 61
3839 68 15
3839 99 22
3846 73 31
3847 61 69
3847 97 21
3847 101 9
3857 68 26
3858 49 29
3859 56 32
3873 65 56
3873 71 39
3874 93 20
3875 95 22
3875 97 15
3875 99 12
3875 101 23
3876 59 63
3877 84 10
3892 58 51
3893 84 12
3893 93 20
3893 95 20
3893 97 16
3894 59 61
3894 99 12
3894 101 24
3911 63 61
3912 99 22
3920 60 62
3920 73 31
3921 101 10
3922 61 68
3922 97 21
3931 68 25
3932 49 29
3932 56 21
3948 65 56
3949 59 63
3949 84 11
3949 93 20
3949 95 21
3949 97 19
3950 68 20
3950 99 12
3950 101 24
3953 49 15
3966 60 52
3966 64 49
3967 68 23
3967 93 18
3968 59 61
3968 65 56
3968 95 21
3968 97 17
3968 99 12
3968 101 23
3985 63 60
3986 99 22
3994 73 27
3995 61 71
3995 101 9
3996 97 20
4004 68 26
4006 49 29
4006 56 25
4022 59 62
4022 65 55
4022 73 11
4022 93 20
4023 95 21
4023 97 16
4023 99 13
4023 101 23
4042 51 33
4042 81 19
4043 63 53
4043 70 33
4043 73 13
4047 58 48
4050 58 62
4059 77 24
4059 93 21
4060 65 56
4060 71 40
4060 95 21
4060 97 17
4060 99 12
4060 101 24
4061 59 66
4065 93 19
4079 66 63
4079 84 15
4079 92 12
4080 54 45
4080 73 22
4081 60 46
4081 90 9
4083 70 11
4087 61 44
4096 58 63
4096 94 28
4097 102 23
4112 54 45
4114 94 27
4115 96 14
4115 102 23
4116 97 9
4133 75 27
4134 63 61
4134 99 22
4139 54 38
4142 61 73
4142 80 12
4143 97 18
4152 54 46
4152 66 56
4152 84 13
4153 92 11
4170 58 63
4170 69 30
4170 94 28
4170 96 14
4171 102 23
4187 65 36
4188 94 29
4189 66 49
4189 85 12
4189 96 14
4189 98 9
4189 102 23
4206 75 26
4207 63 61
4207 99 23
4208 94 9
4213 54 38
4216 61 69
4216 80 10
4217 97 19
4226 54 46
4226 66 63
4226 84 14
4227 92 11
4243 58 63
4243 94 28
4244 102 23
4260 54 42
4261 94 28
4262 96 15
4262 102 22
4265 100 9
4280 75 26
4281 63 61
4282 99 22
4285 54 39
4290 73 30
4290 80 11
4291 61 69
4291 97 21
4299 54 45
4299 84 14
4299 92 13
4303 54 46
4317 58 63
4317 94 27
4318 96 14
4318 102 23
4336 62 55
4336 81 20
4338 63 53
4340 51 29
4341 66 23
4343 51 33
4346 67 16
4351 67 11
4354 66 56
4354 94 29
4355 96 13
4355 98 9
4355 102 23
4356 58 56
4373 73 12
4375 50 37
4375 68 25
4377 61 44
4378 49 26
4391 65 56
4392 71 40
4392 84 11
4392 93 21
4392 95 22
4392 97 17
4392 99 12
4392 101 24
4393 59 63
4410 59 62
4410 65 56
4410 68 18
4410 93 19
4410 95 20
4410 97 17
4410 99 11
4410 101 23
4428 75 28
4430 63 60
4430 99 22
4437 73 27
4438 61 72
4438 97 21
4438 101 9
4447 68 26
4449 49 29
4452 56 19
4465 65 56
4465 71 39
4465 73 11
4465 93 20
4465 95 21
4465 97 17
4465 99 12
4466 59 62
4466 101 23
4483 58 51
4484 93 19
4484 95 21
4484 97 17
4484 99 13
4484 101 23
4485 59 61
4502 63 60
4503 99 22
4511 73 27
4512 61 71
4512 101 9
4513 97 21
4521 68 26
4523 49 30
4523 56 21
4539 65 55
4539 71 39
4539 73 10
4539 93 21
4539 97 17
4540 59 62
4540 95 20
4540 99 13
4540 101 23
4542 49 16
4557 84 12
4557 93 19
4557 97 15
4558 59 61
4558 65 54
4558 95 20
4558 99 13
4558 101 24
4576 75 27
4577 63 60
4577 68 15
4577 99 21
4585 61 72
4587 97 19
4595 68 25
4596 49 29
4596 56 24
4604 61 35
4612 65 56
4613 59 62
4613 84 11
4613 93 19
4613 95 21
4614 68 20
4614 97 17
4614 99 12
4614 101 24
4632 51 35
4632 63 53
4632 81 20
4633 70 27
4634 58 46
4637 58 54
4643 58 47
4644 67 14
4649 57 45
4650 65 57
4650 97 17
4651 71 39
4651 95 20
4651 99 12
4651 101 24
4652 59 66
4668 84 15
4669 66 56
4669 92 12
4670 54 47
4670 73 22
4671 90 9
4673 70 10
4676 61 38
4679 61 41
4686 58 64
4687 69 31
4687 94 28
4688 98 9
4688 102 23
4703 54 49
4704 65 36
4705 85 11
4705 94 29
4706 66 49
4706 96 14
4706 102 23
4723 75 27
4724 63 61
4724 99 22
4725 94 9
4728 54 37
4732 73 30
4733 61 69
4733 80 11
4734 97 20
4741 82 49
4742 70 54
4742 89 13
4743 98 16
4744 54 16
4759 58 63
4759 66 55
4760 98 11
4761 96 14
4761 102 23
4767 98 9
4779 94 29
4780 58 63
4780 66 55
4780 96 13
4780 102 23
4783 98 11
4797 75 26
4798 63 60
4798 94 12
4798 99 22
4806 73 30
4807 61 70
4807 80 12
4808 97 19
4815 89 17
4816 98 16
4834 58 63
4834 66 55
4835 96 14
4835 98 13
4835 102 23
4852 94 29
4853 66 55
4853 96 14
4853 102 24
4857 98 9
4871 75 26
4872 63 60
4872 99 22
4881 61 70
4881 80 13
4882 97 20
4889 89 17
4890 98 16
4908 58 63
4908 66 55
4909 96 14
4909 102 22
4910 98 13
4926 73 50
4926 92 21
4927 101 16
4944 66 55
4945 94 28
4945 96 14
4945 102 23
4963 75 48
4981 58 54
4981 65 55
4982 71 38
4982 93 19
4982 95 21
4982 97 16
4982 99 12
4982 101 23
4983 59 60
5000 58 53
5001 93 19
5001 95 21
5001 97 17
5001 101 24
5002 59 60
5019 63 60
5020 99 22
5028 73 29
5029 61 70
5029 80 10
5029 97 20
5029 101 9
5055 65 56
5056 59 60
5056 93 20
5056 95 20
5056 97 16
5056 99 11
5056 101 24
5074 58 52
5075 93 20
5075 95 21
5075 97 17
5075 101 23
5076 59 60
5093 63 60
5094 99 22
5102 73 29
5103 61 70
5103 80 11
5103 97 20
5103 101 9
5110 87 48
5129 65 55
5130 59 60
5130 93 20
5130 95 21
5130 97 16
5130 99 12
5130 101 23
5148 95 20
5148 97 17
5150 93 20
5150 101 24
5166 63 61
5168 99 22
5175 73 30
5176 61 71
5176 80 12
5176 101 12
5177 97 21
5184 87 48
5202 59 60
5202 65 55
5203 93 20
5203 99 13
5204 95 21
5204 97 15
5204 101 23
5221 85 45
5222 73 50
5222 92 21
5223 75 18
5223 101 18
5239 65 55
5240 93 20
5241 95 21
5241 99 12
5241 101 23
5258 82 49
5259 70 55
5259 101 20
5260 98 16
5276 58 64
5277 66 54
5278 96 14
5278 102 23
5284 98 10
5295 57 49
5296 70 54
5297 58 63
5297 66 55
5297 96 14
5297 102 22
5299 98 10
5313 62 49
5314 75 26
5315 63 60
5315 94 13
5315 99 22
5323 73 29
5324 61 70
5324 80 12
5325 97 19
5332 80 18
5333 89 13
5334 98 16
5351 58 63
5351 66 55
5351 98 12
5352 96 13
5352 102 23
5358 98 10
5368 69 29
5370 66 55
5370 96 14
5370 98 13
5370 102 23
5388 63 60
5389 99 22
5397 73 30
5398 61 70
5398 80 10
5399 97 20
5406 89 16
5407 98 16
5407 101 16
5424 66 55
5425 58 63
5426 96 14
5426 98 14
5426 102 23
5443 94 29
5444 66 55
5444 96 13
5444 102 23
5447 98 10
5461 75 26
5462 63 60
5462 99 22
5463 94 10
5471 61 70
5471 80 19
5472 97 18
5480 89 12
5481 98 16
5481 101 14
5499 58 63
5499 66 55
5500 96 14
5500 102 22
5501 98 12
5517 73 50
5517 92 21
5518 101 16
5535 66 55
5535 94 27
5536 96 14
5536 102 23
5554 75 48
5554 77 16
5572 65 55
5573 59 60
5573 93 19
5573 95 21
5573 97 16
5573 99 12
5573 101 23
5591 65 56
5591 93 19
5591 95 21
5591 97 16
5591 101 24
5610 63 60
5610 82 9
5611 99 22
5618 73 29
5619 61 71
5619 80 11
5619 97 21
5619 101 9
5646 65 56
5647 59 60
5647 93 19
5647 95 21
5647 97 17
5647 99 12
5647 101 24
5665 65 56
5665 93 19
5665 95 21
5665 97 17
5665 101 24
5684 63 60
5685 99 22
5692 73 29
5693 61 71
5693 80 12
5693 97 20
5693 101 9
5701 87 48
5719 59 60
5719 65 55
5720 84 9
5720 93 19
5720 95 21
5720 97 16
5720 99 11
5721 101 23
5738 58 52
5739 93 19
5739 95 21
5739 97 17
5739 101 23
5740 59 60
5757 63 60
5758 82 9
5759 99 22
5762 87 48
5766 73 30
5767 61 70
5767 80 12
5767 97 20
5767 101 9
5793 59 60
5793 65 55
5794 93 20
5794 95 21
5794 97 16
5794 99 11
5795 101 23
5812 85 45
5813 73 50
5813 92 21
5814 75 17
5814 101 16
5830 65 55
5831 84 9
5831 93 19
5832 95 22
5832 99 13
5832 101 24
5848 82 49
5849 70 55
5849 101 17
5850 98 16
5867 58 64
5868 66 55
5869 96 13
5869 98 13
5869 102 22
5885 94 31
5887 66 55
5887 96 14
5887 102 23
5890 98 10
5905 63 60
5906 99 22
5914 73 29
5915 61 70
5915 80 11
5916 97 20
5923 55 47
5923 66 57
5923 92 15
5924 84 14
5925 54 48
5941 58 63
5942 69 31
5942 94 28
5942 96 13
5943 102 23
5961 73 15
5963 49 29
5963 61 44
5964 68 26
5978 58 63
5978 66 62
5978 94 28
5979 96 15
5979 102 22
5998 73 19
5998 84 15
5998 92 11
6000 61 43
6002 54 44
6015 58 63
6015 94 28
6016 98 9
6016 102 24
6035 61 46
6036 102 10
6038 68 24
6039 49 29
6045 57 30
6052 66 56
6052 94 27
6053 58 63
6053 96 14
6053 98 9
6053 102 22
6072 84 15
6072 92 12
6073 73 19
6074 61 44
6075 54 55
6089 62 34
6090 65 51
6090 83 16
6091 53 51
6091 60 45
6091 69 9
6095 53 47
6108 66 51
6109 84 15
6109 92 12
6110 61 43
6112 54 48
6126 55 51
6126 67 52
6127 93 14
6127 95 9
6128 74 16
6128 91 12
6129 62 35
6130 55 65
6145 94 16
6146 68 51
6146 75 17
6146 92 19
6147 56 66
6147 63 34
6151 63 25
6162 65 56
6164 71 38
6164 84 12
6164 93 17
6164 95 21
6164 97 17
6164 99 13
6164 101 23
6172 59 65
6178 56 65
6182 65 55
6182 93 19
6182 95 21
6182 97 19
6182 99 11
6182 101 23
6185 59 64
6200 56 59
6200 75 25
6201 63 60
6201 82 9
6201 99 23
6204 94 9
6210 61 70
6211 97 21
6217 57 41
6219 56 66
6219 75 22
6220 92 19
6220 94 13
6233 63 20
6237 77 23
6238 65 55
6238 71 38
6238 84 12
6238 93 19
6238 95 21
6238 97 18
6238 99 13
6238 101 23
6246 59 65
6255 59 64
6256 81 21
6257 51 33
6257 63 56
6258 70 35
6260 56 36
6262 51 33
6262 58 55
6264 67 10
6267 58 62
6274 77 24
6274 93 21
6274 95 21
6274 97 18
6274 99 11
6274 101 23
6275 59 66
6275 65 55
6293 68 48
6294 56 66
6294 75 21
6294 92 19
6294 94 13
6300 63 17
6311 65 55
6311 71 38
6311 93 19
6311 95 21
6311 97 15
6311 99 13
6311 101 24
6321 59 65
6328 59 64
6329 51 33
6329 81 21
6330 63 52
6331 70 27
6333 56 36
6335 58 54
6340 58 62
6342 67 9
6348 71 39
6348 77 25
6348 84 9
6348 95 20
6348 97 18
6348 99 11
6348 101 24
6349 65 57
6350 59 66
6367 68 48
6368 56 66
6368 75 19
6368 92 20
6368 94 14
6375 63 34
6385 85 12
6387 62 36
6387 67 51
6387 93 14
6388 55 60
6388 91 12
6393 55 64
6404 68 54
6404 75 18
6404 92 20
6404 94 15
6405 56 67
6406 63 28
6423 69 53
6423 76 16
6423 93 20
6423 95 14
6424 57 75
6424 64 27
6441 58 74
6441 77 15
6441 94 23
6441 96 14
6442 65 22
6458 94 32
6459 66 57
6459 98 12
6459 102 23
6461 96 13
6462 100 9
6477 66 55
6477 94 27
6478 96 15
6478 102 23
6480 100 9
6496 63 60
6496 82 13
6497 99 20
6504 73 30
6505 61 71
6505 80 11
6506 97 18
6514 66 63
6515 84 14
6515 92 12
6516 54 45
6532 58 63
6532 94 29
6533 98 9
6533 102 23
6552 61 48
6553 49 29
6553 102 10
6556 61 39
6556 68 29
6558 58 35
6562 57 30
6569 66 63
6569 94 29
6570 58 63
6570 96 13
6570 102 22
6589 61 44
6589 84 15
6589 92 11
6590 54 39
6593 54 45
6606 58 63
6606 94 29
6607 98 9
6607 102 22
6625 61 50
6626 49 31
6630 68 24
6634 66 11
6642 66 55
6643 58 64
6643 94 28
6644 96 13
6644 102 21
6661 65 34
6662 84 15
6662 92 11
6662 94 10
6663 66 44
6663 73 18
6664 54 52
6667 61 42
6680 60 45
6681 65 53
6681 83 16
6682 53 51
6698 55 36
6699 61 38
6699 84 16
6699 92 13
6700 66 52
6700 70 9
6701 54 49
6702 61 43
6717 56 39
6718 62 35
6718 67 53
6718 85 12
6718 93 15
6718 95 9
6719 91 11
6720 55 66
6736 75 19
6736 94 16
6737 68 50
6737 92 20
6738 56 66
6738 63 33
6752 65 56
6754 71 37
6754 93 19
6754 95 21
6754 97 16
6754 99 13
6754 101 24
6762 59 65
6772 56 66
6773 65 55
6773 71 39
6773 93 19
6773 95 21
6773 97 19
6773 99 12
6773 101 24
6777 59 64
6791 56 59
6791 75 25
6792 63 60
6792 99 23
6795 94 9
6800 73 29
6800 101 9
6801 61 70
6801 97 19
6808 57 44
6810 56 66
6810 75 21
6810 92 22
6810 94 14
6822 63 17
6827 65 56
6828 71 38
6828 93 18
6828 95 21
6828 97 15
6828 99 13
6828 101 23
6838 59 65
6846 56 54
6847 81 21
6848 51 32
6848 63 56
6848 73 9
6849 70 36
6851 59 55
6853 51 33
6853 57 46
6855 58 62
6855 67 13
6865 77 25
6865 93 21
6865 95 21
6865 97 18
6865 99 12
6865 101 23
6866 59 66
6866 65 55
6882 63 29
6883 68 48
6884 56 66
6884 92 19
6884 94 13
6889 63 40
6902 65 55
6902 71 38
6902 84 12
6902 93 19
6902 95 21
6902 97 17
6902 99 13
6902 101 23
6910 59 65
6919 56 55
6921 81 20
6922 51 32
6922 63 56
6922 73 10
6923 59 58
6923 70 36
6927 51 32
6927 57 46
6929 58 61
6929 67 11
6939 77 25
6939 93 21
6939 95 21
6939 97 19
6939 99 12
6939 101 23
6940 59 66
6940 65 55
6944 93 20
6957 68 48
6958 56 65
6958 75 19
6958 92 19
6958 94 13
6963 63 32
6976 85 12
6976 93 16
6977 62 36
6977 67 50
6978 55 60
6978 91 11
6983 55 65
6995 68 53
6995 75 19
6995 92 19
6995 94 16
6996 56 66
6996 63 35
7013 69 49
7013 76 16
7013 93 20
7013 95 15
7014 57 75
7014 64 26
7031 70 48
7031 96 14
7031 98 9
7032 77 14
7032 94 23
7033 58 75
7033 65 25
7049 94 32
7050 66 56
7050 98 13
7050 102 22
7051 96 13
7053 100 10
7068 66 55
7068 94 28
7068 102 23
7069 96 14
7079 94 15
