0 74 57
56 76 50
87 79 47
113 76 49
140 83 51
141 55 30
141 74 26
141 81 10
142 79 13
168 62 41
172 63 35
174 55 14
174 62 36
193 79 36
220 81 15
220 86 59
276 83 59
278 81 13
304 81 47
331 83 53
359 52 28
360 64 28
360 81 40
386 59 21
412 76 34
414 64 50
442 74 69
498 76 62
527 79 59
579 60 43
579 79 20
581 48 29
581 81 47
583 67 17
585 48 25
607 55 19
635 55 13
647 67 9
659 79 59
686 81 69
739 76 62
763 79 12
763 83 62
765 81 17
791 81 60
795 49 33
796 62 50
797 50 35
797 69 16
797 74 67
797 84 18
821 69 26
928 76 62
954 79 62
984 76 53
1009 83 57
1011 55 33
1011 81 10
1012 74 70
1012 79 11
1039 62 39
1065 66 40
1065 79 53
1067 62 25
1068 67 27
1075 67 13
1094 93 10
1145 76 53
1173 79 60
1228 81 46
1229 52 28
1260 59 16
1284 76 35
1285 64 53
1309 74 64
1365 76 54
1391 79 49
1445 81 53
1446 60 45
1446 79 18
1448 48 28
1448 67 16
1476 55 14
1498 79 50
1527 81 23
1527 83 64
1528 55 19
1577 81 60
1632 79 45
1659 81 50
1662 50 30
1662 62 52
1662 69 15
1663 84 16
1687 69 26
1712 79 60
1715 50 19
1742 83 68
1743 81 30
1747 50 12
1796 81 55
1851 79 51
1880 55 30
1881 74 28
1909 62 33
1937 67 25
1960 72 64
1960 96 42
1961 100 12
1967 62 11
2039 74 64
2091 62 65
2095 79 25
2097 69 48
2099 43 36
2103 43 39
2104 71 44
2122 71 19
2127 71 17
2129 50 20
2129 74 78
2134 71 11
2138 43 10
2143 50 12
2152 69 13
2156 55 28
2179 81 22
2181 55 21
2182 50 13
2205 55 23
2206 102 21
2233 67 16
2233 71 63
2233 90 26
2233 95 38
2244 67 14
2261 69 58
2262 88 17
2284 79 47
2287 62 23
2312 55 40
2313 43 37
2317 43 40
2339 50 34
2339 74 19
2341 67 21
2341 84 16
2343 55 24
2351 43 13
2356 67 22
2364 55 42
2366 69 60
2366 79 16
2367 88 21
2370 50 24
2391 79 44
2391 86 22
2393 50 21
2393 62 28
2410 50 14
2414 69 28
2418 81 31
2419 69 44
2420 43 33
2424 43 37
2444 43 23
2445 50 24
2461 43 10
2464 50 14
2470 79 43
2470 81 48
2471 69 67
2471 88 28
2473 62 24
2501 62 14
2512 55 39
2512 62 45
2522 88 14
2526 43 32
2551 43 10
2551 50 23
2553 74 82
2557 50 14
2575 79 14
2627 93 19
2627 102 23
2633 55 15
2650 71 62
2651 90 29
2651 95 37
2679 69 50
2700 71 18
2702 79 46
2703 66 40
2705 67 33
2706 69 32
2729 64 29
2729 69 71
2730 52 50
2730 88 21
2731 59 18
2732 40 43
2732 80 20
2742 80 13
2747 80 10
2752 58 29
2755 59 31
2756 40 40
2765 40 38
2772 40 37
2780 63 34
2780 88 31
2781 76 24
2781 83 15
2781 86 24
2783 40 36
2788 40 34
2795 40 34
2800 40 32
2804 40 32
2807 79 42
2811 40 29
2817 40 29
2827 40 29
2832 86 10
2833 59 23
2833 88 20
2834 69 51
2835 52 45
2842 39 29
2844 40 28
2858 79 48
2859 66 33
2859 69 63
2859 86 19
2886 88 22
2887 40 20
2891 40 24
2913 90 27
2913 95 37
2914 71 62
2917 52 14
2923 69 33
2925 40 12
2928 69 32
2935 69 27
2936 40 9
2969 69 15
2970 66 23
2970 79 31
2974 64 9
2974 67 9
3024 74 76
3025 63 48
3026 81 13
3027 62 56
3051 93 14
3051 102 17
3056 38 9
3074 71 57
3074 90 23
3075 95 26
3101 69 61
3103 88 21
3104 62 19
3125 79 44
3126 66 32
3153 64 30
3153 69 53
3154 55 27
3154 88 17
3155 48 49
3155 78 15
3156 37 42
3157 74 13
3157 83 10
3158 82 38
3164 55 19
3165 36 34
3168 55 21
3178 55 25
3183 48 50
3187 67 34
3195 69 22
3201 69 19
3205 69 71
3206 88 30
3207 76 17
3209 64 25
3212 55 25
3218 55 24
3228 55 22
3229 36 16
3229 79 46
3230 86 21
3231 66 36
3232 55 19
3232 64 34
3238 55 17
3259 88 14
3260 48 46
3261 78 9
3270 36 14
3275 55 11
3277 36 15
3286 55 25
3288 48 40
3291 48 39
3294 48 37
3297 48 37
3300 48 40
3309 72 26
3309 76 49
3309 79 57
3310 60 50
3310 86 29
3311 48 49
3311 66 43
3312 69 16
3315 64 62
3316 67 34
3321 95 11
3336 83 15
3338 67 27
3364 79 40
3365 55 20
3366 48 40
3366 86 10
3367 67 26
3369 82 13
3371 83 9
3374 67 20
3375 36 16
3390 36 11
3399 36 10
3450 74 28
3451 48 16
3453 62 39
3474 69 62
3475 88 23
3493 62 24
3500 62 26
3500 90 27
3500 95 37
3501 71 61
3515 69 31
3522 69 26
3527 69 63
3528 88 24
3534 64 10
3551 79 52
3552 66 40
3552 86 26
3578 64 22
3579 49 36
3579 88 23
3581 50 37
3582 78 11
3583 57 26
3584 38 42
3585 66 11
3595 66 11
3606 62 22
3610 62 22
3611 38 39
3615 62 22
3620 62 20
3625 62 17
3630 62 34
3631 50 46
3632 74 22
3632 84 24
3633 78 13
3634 38 36
3635 50 42
3642 38 34
3655 69 73
3656 88 33
3657 50 37
3658 38 35
3666 38 32
3671 50 33
3735 62 17
3736 71 68
3743 69 15
3750 69 13
3762 90 33
3762 95 44
3763 99 14
3764 38 22
3764 62 49
3775 38 17
3786 38 14
3791 38 13
3818 69 44
3831 38 10
3872 74 68
3902 37 11
3917 62 28
3924 71 56
3924 90 21
3924 95 26
3950 69 63
3951 88 22
3954 62 12
3975 66 36
3975 79 47
4004 55 44
4004 74 17
4006 43 45
4007 62 28
4007 88 13
4019 43 33
4058 79 49
4058 81 42
4059 69 68
4059 88 23
4062 62 22
4063 43 19
4085 86 22
4088 62 21
4112 88 18
4114 43 42
4114 62 20
4144 67 33
4163 74 25
4164 79 55
4165 88 26
4165 93 22
4168 43 23
4168 62 18
4189 86 32
4190 66 48
4190 95 16
4191 56 26
4191 62 19
4194 55 15
4216 88 26
4218 55 47
4219 43 46
4219 62 25
4270 74 75
4277 43 11
4296 63 41
4296 81 16
4298 62 46
4322 102 20
4325 55 24
4335 55 10
4343 71 55
4345 90 17
4345 95 24
4346 55 9
4372 69 70
4374 88 18
4396 79 45
4397 66 34
4425 52 39
4425 59 17
4428 40 40
4432 80 10
4454 59 28
4458 40 36
4467 40 34
4471 40 30
4474 40 33
4477 65 31
4478 88 28
4479 52 43
4479 86 27
4481 41 38
4484 39 34
4490 40 30
4497 40 29
4502 79 47
4503 66 34
4504 40 29
4509 59 11
4513 40 25
4519 86 13
4520 40 26
4528 40 24
4531 90 28
4531 95 38
4532 39 31
4532 59 14
4532 71 61
4535 39 40
4537 40 39
4588 69 69
4592 88 9
4615 88 32
4621 40 24
4634 40 23
4667 79 36
4668 86 9
4721 74 71
4722 62 45
4727 40 12
4748 93 12
4749 102 9
4753 39 15
4773 71 43
4789 62 20
4799 62 15
4799 69 60
4800 88 20
4803 64 18
4807 64 13
4812 64 15
4825 79 51
4826 66 41
4826 86 25
4830 64 18
4834 64 11
4851 47 49
4852 64 31
4852 82 35
4853 48 48
4853 55 23
4855 37 36
4855 83 9
4860 78 13
4863 36 34
4864 55 22
4868 55 21
4874 55 38
4878 48 44
4881 48 43
4884 48 43
4887 48 43
4904 49 40
4905 60 52
4905 79 20
4905 86 13
4906 48 35
4909 48 36
4912 48 38
4917 55 24
4918 48 31
4929 74 79
4929 81 18
4932 48 19
4932 72 16
4933 55 15
4938 62 54
4941 48 13
4941 62 53
4944 62 52
4949 60 42
4952 60 41
4955 60 42
4955 62 42
4956 102 20
4958 60 41
4960 81 9
4961 60 39
4963 36 12
4964 60 39
4976 62 38
4979 62 36
4980 76 73
4981 60 37
4981 95 12
4984 48 12
4987 60 33
4990 60 31
4990 62 29
4993 60 31
4996 60 30
4998 67 19
4999 60 29
5005 48 9
5009 71 55
5010 90 17
5010 95 22
5011 60 30
5017 48 11
5017 60 27
5033 79 51
5034 48 16
5036 67 30
5061 57 28
5062 50 49
5063 66 25
5065 38 52
5065 57 27
5090 66 20
5100 66 21
5103 62 57
5105 66 16
5111 66 18
5112 69 24
5113 84 28
5118 66 22
5123 66 16
5129 66 14
5137 66 16
5148 66 11
5155 66 13
5160 66 24
5161 71 71
5161 90 36
5162 95 46
5162 99 19
5166 66 19
5189 69 69
5190 88 21
5194 66 9
5206 71 29
5215 88 32
5216 38 34
5218 62 20
5223 38 30
5241 71 53
5241 90 17
5243 95 10
5250 38 27
5265 55 35
5265 62 26
5268 79 45
5269 65 33
5269 86 19
5270 43 43
5274 71 9
5279 43 23
5283 43 24
5290 50 31
5291 74 32
5292 84 12
5295 50 22
5301 55 19
5307 55 15
5319 79 23
5320 62 15
5320 67 29
5321 55 40
5342 50 18
5351 60 48
5352 94 9
5365 50 10
5375 55 11
5378 50 9
5430 74 35
5431 62 51
5479 69 32
5480 76 17
5485 43 40
5490 59 30
5492 65 16
5496 50 24
5512 44 29
5515 42 35
5518 65 13
5521 50 21
5536 50 23
5537 59 11
5538 41 29
5542 55 37
5550 42 39
5554 42 36
5556 62 74
5558 42 34
5560 44 29
5562 42 34
5566 42 31
5570 42 29
5574 81 24
5577 42 28
5601 90 15
5602 96 14
5605 55 23
5605 67 29
5612 38 14
5624 38 12
5629 76 50
5629 83 22
5631 38 11
5631 64 63
5633 63 68
5634 62 66
5636 64 59
5639 38 9
5639 62 62
5641 64 58
5642 62 63
5647 62 60
5652 62 57
5654 64 62
5655 79 59
5660 55 9
5660 62 54
5665 62 51
5666 67 18
5670 62 49
5678 62 43
5681 64 50
5683 67 10
5687 62 44
5689 64 38
5692 62 40
5694 64 34
5697 62 36
5700 62 37
5705 62 34
5707 64 35
5708 71 54
5708 90 19
5709 55 48
5709 95 20
5712 43 38
5714 62 30
5715 43 41
5734 43 26
5734 74 82
5748 50 16
5753 43 12
5758 43 11
5764 43 16
5764 89 12
5786 56 35
5786 66 29
5788 55 34
5788 62 26
5788 93 21
5788 102 24
5789 50 20
5797 93 10
5841 71 62
5841 90 27
5841 95 38
5844 67 15
5847 55 11
5869 69 58
5871 88 17
5896 71 50
5896 90 20
5896 95 26
5898 69 37
5901 69 32
5908 69 27
5913 69 25
5924 69 53
5925 88 18
5926 52 38
5929 80 10
5930 40 38
5930 59 11
5953 40 37
5953 59 29
5962 40 34
5969 40 33
5976 40 29
5979 64 47
5979 86 13
5981 52 16
5983 40 29
5992 40 29
6001 40 27
6004 74 57
6005 41 30
6005 90 11
6005 96 14
6007 62 70
6010 52 21
6015 40 24
6024 40 24
6031 40 22
6047 40 20
6054 40 18
6055 76 52
6056 83 23
6058 64 69
6059 40 19
6064 40 19
6070 40 15
6083 79 53
6083 86 30
6084 66 42
6085 74 19
6088 52 12
6088 67 17
6091 40 15
6110 65 37
6110 76 43
6112 64 49
6116 40 12
6136 69 61
6138 47 39
6139 79 11
6140 48 39
6148 64 20
6154 55 11
6155 36 21
6160 55 34
6163 47 38
6168 48 37
6170 64 15
6173 48 31
6176 48 30
6182 48 32
6185 48 49
6191 60 52
6191 79 55
6192 55 28
6193 48 48
6195 67 27
6198 69 20
6205 55 17
6207 76 17
6211 64 31
6216 86 29
6219 67 39
6232 64 9
6242 64 28
6242 69 69
6243 88 29
6256 48 26
6268 65 48
6268 79 58
6268 86 32
6270 64 36
6270 95 11
6274 48 18
6294 76 50
6294 83 21
6295 64 64
6318 67 29
6320 71 65
6320 90 30
6320 95 40
6321 99 11
6327 67 11
6348 69 59
6350 78 14
6351 50 40
6352 57 18
6354 38 42
6365 66 13
6378 57 15
6383 62 22
6388 62 21
6396 62 20
6403 50 40
6404 62 67
6404 84 21
6405 38 37
6407 50 37
6430 90 9
6435 38 34
6481 76 53
6481 83 27
6482 64 69
6483 74 18
6487 74 10
6509 79 56
6509 86 31
6511 74 13
6512 57 10
6535 74 18
6536 64 63
6542 38 18
6563 67 30
6564 55 38
6564 71 47
6564 74 13
6567 43 45
6570 43 40
6574 42 31
6576 43 29
6588 43 28
6589 50 30
6589 62 65
6590 84 11
6607 43 13
6608 50 19
6612 71 10
6619 55 34
6629 50 14
6645 81 25
6647 55 17
6650 50 11
6661 50 10
6695 76 48
6696 83 17
6698 64 61
6721 63 43
6721 79 53
6721 86 25
6723 64 64
6730 67 15
6747 83 10
6773 69 56
6774 52 34
6776 39 36
6776 59 13
6778 40 38
6798 59 37
6801 52 27
6815 40 31
6822 40 30
6829 52 29
6831 40 32
6838 40 27
6847 40 26
6853 74 52
6853 81 27
6854 96 9
6855 62 66
6858 52 12
6861 40 23
6870 40 22
6877 40 20
6886 40 18
6893 40 18
6898 40 17
6903 76 42
6905 64 52
6906 40 17
6914 64 44
6916 40 14
6917 62 45
6922 62 43
6923 40 17
6924 64 37
6927 64 43
6929 79 53
6931 64 42
6932 62 37
6932 67 33
6934 64 33
6935 41 13
6935 62 38
6937 64 35
6940 62 35
6941 40 12
6945 62 32
6947 64 32
6956 83 13
6957 64 55
6965 40 9
6984 69 68
6984 79 14
6985 74 17
6986 48 37
6987 36 25
6994 55 12
6997 36 23
7006 36 20
7011 48 32
7011 55 31
7014 48 30
7017 48 30
7020 48 30
7023 48 32
7033 64 12
7038 79 40
7039 60 50
7039 66 29
7039 86 14
7040 48 41
7040 55 27
7040 64 23
7049 48 39
7059 69 18
7066 71 72
7066 90 36
7066 95 47
7067 99 18
7071 67 23
7073 55 13
7116 69 64
7117 88 27
7172 67 38
7172 79 50
7173 86 27
7174 66 40
7175 48 13
7176 60 16
7176 67 22
7176 69 18
7199 69 63
7201 57 21
7201 88 21
7202 50 44
7204 78 18
7205 38 47
7205 66 20
7207 57 29
7230 38 41
7230 64 31
7238 38 41
7243 38 40
7248 38 39
7251 38 37
7251 62 49
7252 50 56
7253 56 22
7253 81 21
7253 84 33
7256 50 50
7256 57 22
7258 38 42
7265 50 49
7266 38 37
7271 38 37
7278 81 37
7279 38 36
7280 62 55
7281 57 16
7285 50 45
7289 38 34
7293 50 42
7294 38 33
7298 50 41
7299 38 31
7302 38 32
7303 50 41
7305 63 62
7305 74 62
7305 90 10
7306 69 23
7306 100 9
7307 62 73
7308 50 39
7310 38 33
7311 50 36
7311 57 13
7317 38 29
7317 50 35
7321 50 33
7322 38 29
7325 38 29
7327 50 30
7330 38 29
7332 76 49
7332 83 22
7333 69 21
7335 38 31
7335 50 32
7335 57 10
7336 64 65
7337 62 67
7342 62 65
7347 62 62
7352 62 60
7353 38 25
7355 62 58
7358 79 59
7359 66 50
7360 38 26
7361 67 39
7362 69 10
7365 62 54
7368 50 21
7369 62 51
7371 38 24
7373 69 11
7376 38 23
7380 69 13
7381 38 20
7382 62 44
7383 64 57
7383 83 25
7386 38 21
7394 38 21
7399 38 18
7404 38 18
7409 71 61
7409 90 26
7409 95 37
7412 55 53
7412 74 78
7413 81 10
7414 44 56
7414 89 9
7416 43 58
7417 62 29
7421 43 43
7439 43 36
7439 84 13
7458 43 26
7460 50 27
7464 54 45
7465 89 20
7465 95 14
7467 55 48
7473 43 22
7490 62 18
7491 93 17
7492 102 22
7522 50 11
7542 71 65
7543 90 30
7543 95 39
7544 62 17
7544 99 12
7547 55 17
7568 69 61
7569 88 22
7593 71 65
7593 90 31
7594 95 37
7596 74 17
7617 69 26
7620 49 34
7621 64 34
7622 59 16
7622 69 55
7622 88 23
7623 40 38
7623 52 42
7626 40 44
7630 80 12
7645 40 41
7645 59 38
7645 78 16
7654 40 39
7656 64 22
7657 52 30
7661 40 37
7668 40 39
7671 65 21
7673 52 47
7673 86 28
7674 76 23
7676 41 36
7681 40 31
7684 40 34
7693 40 31
7697 74 65
7698 40 31
7698 90 17
7699 76 17
7699 96 19
7700 62 78
7700 69 22
7700 100 11
7701 52 42
7708 40 29
7716 40 29
7723 40 26
7732 40 25
7737 40 23
7746 40 23
7750 76 54
7751 83 25
7752 64 72
7756 40 21
7761 40 20
7769 40 19
7775 40 19
7777 69 31
7777 79 62
7779 71 23
7779 101 11
7780 52 23
7785 40 12
7792 40 17
7799 40 16
7810 40 16
7831 69 66
7833 47 43
7835 48 39
7836 36 25
7844 55 12
7854 36 23
7854 55 34
7860 48 41
7866 48 36
7871 64 20
7874 48 32
7877 48 32
7880 48 32
7884 60 52
7886 55 24
7887 79 56
7888 47 35
7890 48 27
7895 48 29
7906 48 29
7907 69 24
7909 86 34
7910 66 45
7912 48 30
7912 64 32
7912 67 42
7914 55 13
7915 48 35
7922 64 9
7924 55 9
7933 69 73
7935 64 30
7935 88 30
7939 48 29
7958 64 32
7961 79 59
7961 86 32
7963 95 16
7967 64 14
7968 48 25
7987 76 54
7987 83 26
7988 92 10
7989 64 71
7993 48 18
7993 60 24
8012 71 71
8012 90 35
8012 95 48
8013 99 18
8014 60 21
8020 67 16
8022 48 11
8039 69 68
8041 50 50
8041 57 29
8041 78 23
8045 38 54
8047 63 36
8054 66 22
8061 82 9
8084 62 46
8093 74 64
8094 84 30
8096 38 47
8102 38 44
8119 90 16
8120 63 64
8120 98 13
8122 62 70
8124 69 14
8129 66 20
8142 66 13
8171 76 51
8171 83 21
8173 64 68
8199 79 58
8203 67 31
8225 83 13
8251 55 43
8251 71 64
8251 90 30
8251 95 40
8252 99 13
8254 43 49
8259 43 38
8261 62 74
8267 43 35
8275 43 33
8280 43 28
8290 43 21
8302 43 13
8306 55 48
8307 89 9
8330 81 28
8331 90 14
8331 96 15
8381 76 55
8381 83 30
8382 92 9
8383 64 72
8408 79 60
8409 101 12
8419 67 15
8432 65 38
8434 64 61
8459 69 69
8460 46 32
8462 52 49
8463 39 42
8463 59 16
8465 40 42
8472 80 12
8477 80 10
8485 59 37
8488 40 37
8491 40 38
8500 40 37
8507 40 35
8514 40 32
8514 76 25
8514 83 16
8514 86 29
8521 40 34
8527 40 30
8530 40 31
8538 74 64
8538 90 16
8538 96 20
8539 62 79
8539 76 18
8539 100 10
8540 39 34
8540 71 15
8543 41 27
8543 69 12
8547 40 31
8553 40 28
8562 40 27
8569 40 25
8576 40 23
8585 40 23
8590 76 58
8591 40 25
8591 83 18
8593 64 63
8598 52 22
8600 40 20
8606 40 19
8611 64 51
8614 62 51
8616 64 58
8617 69 31
8617 79 62
8619 66 50
8619 95 18
8619 101 11
8621 40 25
8621 64 43
8623 67 27
8624 64 43
8627 62 45
8629 40 16
8629 67 10
8632 62 40
8634 64 34
8635 40 15
8637 62 37
8640 62 37
8642 83 26
8644 64 70
8645 52 12
8646 40 20
8653 40 13
8671 69 67
8674 48 39
8675 79 12
8683 55 13
8687 36 24
8696 55 14
8700 48 36
8700 55 34
8703 48 32
8706 48 33
8709 48 33
8709 64 18
8715 48 35
8718 48 38
8721 64 40
8721 79 62
8722 86 39
8723 72 42
8723 95 18
8724 60 56
8724 101 10
8725 48 40
8725 67 50
8726 55 27
8730 48 33
8730 64 14
8730 69 27
8731 55 32
8733 48 34
8734 64 19
8734 95 53
8741 64 17
8744 48 30
8747 48 31
8751 71 77
8751 90 41
8751 99 23
8752 48 38
8752 74 21
8753 64 25
8754 49 34
8757 48 33
8760 55 14
8761 48 31
8765 64 11
8766 67 29
8804 69 74
8805 88 32
8808 79 12
8811 48 25
8851 79 54
8852 86 29
8853 66 44
8853 95 12
8854 60 25
8859 48 12
8885 50 52
8885 78 23
8886 66 27
8886 88 26
8887 37 53
8887 57 26
8889 38 54
8891 66 21
8922 62 30
8938 66 52
8938 74 26
8938 79 57
8938 86 33
8939 95 16
8940 56 23
8940 84 28
8944 57 15
8963 57 10
8966 66 15
8968 71 76
8969 81 14
8969 90 41
8969 95 51
8969 99 23
8972 66 18
8975 50 42
8976 39 34
8977 57 10
8979 38 40
8983 66 12
8991 66 12
9022 69 76
9024 88 33
9025 38 35
9031 38 37
9065 62 21
9066 38 26
9077 79 61
9078 86 31
9079 66 46
9079 95 11
9082 62 14
9107 55 45
9107 86 36
9107 95 26
9108 101 12
9109 43 45
9110 67 51
9112 62 23
9122 43 35
9136 62 20
9139 43 21
9139 74 34
9145 43 21
9147 50 21
9158 50 17
9164 55 42
9164 89 13
9192 72 49
9192 94 26
9193 60 57
9193 88 16
9193 98 17
9196 55 26
9197 74 12
9203 74 14
9204 50 10
9210 55 16
9213 50 9
9220 55 12
9227 79 15
9233 67 25
9275 63 66
9275 81 33
9276 74 59
9276 90 15
9276 96 16
9277 98 13
9278 62 73
9335 54 31
9336 79 12
9337 55 43
9341 43 48
9341 69 30
9341 71 47
9341 75 22
9342 59 52
9342 74 23
9342 78 28
9343 93 20
9344 87 12
9348 85 11
9349 43 44
9349 75 18
9357 77 20
9357 85 9
9361 50 31
9373 75 13
9376 69 12
9376 78 12
9382 50 25
9391 75 9
9422 50 14
9464 59 17
9480 55 10
9491 55 9
