0 64 48
0 60 48
512 62 48
512 55 47
1024 60 39
1024 57 47
1536 59 45
1536 52 45
2048 57 43
2048 53 47
2560 55 48
2560 48 41
3072 57 48
3072 53 52
3584 59 51
3584 55 53
4096 64 47
4096 60 54
4608 62 45
4608 55 49
5120 60 43
5120 57 51
5632 59 44
5632 52 45
6144 57 48
6144 53 44
6656 55 45
6656 48 42
7168 57 55
7168 53 52
7680 59 56
7680 55 53
8192 67 61
8192 76 61
8192 60 59
8704 71 47
8704 74 47
8704 55 46
9216 72 43
9216 57 47
9728 67 44
9728 71 44
9728 52 44
10240 60 46
10240 69 46
10240 53 49
10752 64 46
10752 67 46
10752 48 50
11264 65 46
11264 69 46
11264 53 53
11776 62 52
11776 71 52
11776 55 48
12288 72 63
12288 60 78
12288 64 78
12544 72 66
12800 74 70
12800 55 65
12800 62 65
13056 71 65
13312 72 69
13312 57 56
13312 60 56
13568 76 70
13824 79 75
13824 52 59
14080 67 50
14336 69 51
14336 53 68
14336 57 68
14592 65 60
14848 64 55
14848 48 54
15104 67 66
15360 65 66
15360 53 69
15360 57 69
15616 72 75
15872 71 75
15872 55 65
15872 59 65
16128 67 54
16384 72 62
16384 60 75
16384 64 75
16640 76 88
16768 79 97
16896 79 86
16896 55 71
17024 81 88
17152 79 72
17280 77 68
17408 76 75
17408 57 90
17408 60 90
17792 76 85
17920 76 79
17920 52 78
17920 55 78
18048 77 80
18176 76 78
18304 74 76
18432 72 76
18432 53 85
18432 57 85
18560 70 73
18688 69 75
18816 70 73
18944 67 73
18944 48 70
18944 52 70
19200 64 65
19456 60 72
19456 53 84
19456 57 84
19712 65 78
19840 64 78
19968 62 72
19968 55 83
19968 59 83
20224 67 92
20352 65 90
20480 60 87
20480 64 87
20736 72 50
20992 74 54
20992 55 52
21248 71 62
21504 72 66
21504 57 70
21504 60 70
21760 64 50
22016 67 59
22016 52 64
22016 59 64
22400 69 73
22528 65 64
22528 53 57
22528 57 57
22784 60 52
23040 64 57
23040 48 66
23040 55 66
23296 67 68
23552 65 56
23552 53 58
23552 57 58
23808 64 54
24064 62 52
24064 55 60
24064 59 60
24320 67 63
24576 60 53
24576 64 53
24576 48 51
