1920 76 67
2400 75 63
2880 76 74
3360 75 71
3840 76 79
4320 71 69
4800 74 86
5280 72 82
5760 69 71
5760 45 55
6240 52 60
6720 57 65
7200 60 72
7680 64 79
8160 69 84
8640 71 87
8640 52 55
9120 56 55
9600 59 67
10080 64 67
10560 68 74
11040 71 79
11520 72 81
11520 45 56
12000 52 61
12480 57 65
12960 64 70
13440 76 88
13920 75 71
14400 76 74
14880 75 72
15360 76 75
15840 71 68
16320 74 74
16800 72 75
17280 69 62
17280 45 55
17760 52 57
18240 57 64
18720 60 66
19200 64 75
19680 69 91
20160 71 99
20160 52 57
20640 56 62
21120 59 65
21600 64 69
22080 72 84
22560 71 75
23040 69 74
23040 45 53
23520 52 54
24000 57 67
24960 76 93
25440 75 91
25920 76 79
26400 75 78
26880 76 83
27360 71 76
27840 74 81
28320 72 78
28800 69 65
28800 45 55
29280 52 60
29760 57 69
30240 60 72
30720 64 81
31200 69 87
31680 71 82
31680 52 55
32160 56 57
32640 59 63
33120 64 73
33600 68 78
34080 71 90
34560 72 100
34560 45 58
35040 52 61
35520 57 67
36000 64 70
36480 76 89
36960 75 74
37440 76 76
37920 75 74
38400 76 77
38880 71 65
39360 74 63
39840 72 73
40320 69 75
40320 45 55
40800 52 59
41280 57 64
41760 60 69
42240 64 76
42720 69 89
43200 71 94
43200 52 51
43680 56 54
44160 59 65
44640 64 65
45120 72 74
45600 71 69
46080 69 68
46080 45 55
46560 52 61
47040 57 61
47520 71 70
48000 72 90
48480 74 106
48960 76 90
48960 48 56
49440 55 61
49920 60 67
50400 67 66
50880 77 81
51360 76 85
51840 74 78
51840 55 54
52320 59 57
52800 62 66
53280 65 62
53760 76 76
54240 74 81
54720 72 74
54720 45 54
55200 52 64
55680 57 65
56160 64 65
56640 74 77
57120 72 85
57600 71 86
57600 52 51
58080 59 53
58560 64 71
59040 64 75
59520 76 96
60000 52 59
60480 64 75
60960 64 75
61440 76 93
61920 75 81
62400 76 87
62880 75 85
63360 76 87
63840 75 81
64800 75 72
65280 76 73
65760 75 60
66240 76 65
66720 75 50
67200 76 46
67680 71 42
68160 74 49
68640 72 34
69120 69 31
69120 45 51
69600 52 54
70080 57 67
70560 60 35
71040 64 40
71520 69 44
72000 71 53
72000 52 58
72480 56 58
72960 59 61
73440 64 33
73920 68 36
74400 71 45
74880 72 48
74880 45 55
75360 52 58
75840 57 67
76320 64 33
76800 76 42
77280 75 38
77760 76 37
78240 75 41
78720 76 45
79200 71 33
79680 74 36
80160 72 40
80640 69 31
80640 45 49
81120 52 62
81600 57 67
82080 60 36
82560 64 38
83040 69 45
83520 71 50
83520 52 53
84000 56 57
84480 59 63
84960 64 38
85440 72 44
85920 71 30
86400 69 31
86400 57 37
86400 60 37
86400 64 37
