0 64 48
1 60 35
1 67 27
1 72 72
5 45 31
45 67 28
45 91 33
46 43 39
46 100 20
90 74 66
91 50 32
91 93 14
92 41 34
98 45 13
101 43 11
136 84 32
136 91 32
136 96 32
136 100 23
137 43 43
137 72 71
141 74 30
144 74 35
160 74 20
166 74 32
181 64 65
182 56 37
182 83 37
183 59 35
186 52 39
186 59 40
186 79 10
189 52 40
191 67 19
197 67 17
200 52 36
204 71 40
206 72 45
209 72 43
212 72 45
215 72 46
221 72 48
223 83 37
226 67 31
226 71 77
226 90 35
227 99 22
229 42 43
229 67 23
231 74 66
234 52 30
242 67 13
250 67 10
261 72 38
264 71 42
267 72 43
271 71 41
272 93 16
273 49 29
275 42 40
283 52 38
284 71 41
317 83 32
317 90 36
318 42 43
318 71 76
318 95 33
318 99 22
322 51 31
324 52 24
363 61 29
363 65 64
363 72 42
364 87 18
364 89 10
365 60 33
366 43 47
366 56 47
367 72 48
369 57 54
369 74 10
369 81 16
371 46 32
376 57 54
380 57 53
384 81 13
388 71 34
389 72 44
394 53 38
398 53 33
398 57 38
400 60 40
400 72 43
400 74 9
404 53 33
407 69 63
408 72 43
408 88 34
408 93 30
409 43 44
409 57 36
412 57 36
414 60 42
415 53 32
424 53 29
426 52 29
442 71 31
446 69 24
453 69 24
453 74 66
453 93 22
455 42 40
455 65 21
455 71 28
467 69 34
482 53 22
492 71 12
499 88 35
499 93 32
500 54 29
500 69 62
501 43 45
502 60 19
503 65 13
507 97 9
509 71 19
510 52 25
510 65 9
518 53 20
521 71 12
527 53 19
530 52 21
532 69 29
544 63 32
544 72 26
545 67 46
545 83 20
546 55 46
546 62 51
547 71 41
548 42 32
548 90 18
551 54 34
552 69 48
557 90 10
568 83 15
580 83 11
589 83 38
589 90 35
590 71 76
590 99 22
591 42 43
593 59 31
593 62 30
597 62 35
607 59 30
607 69 37
612 69 40
633 54 22
634 74 67
635 93 18
636 50 34
641 44 17
652 52 20
655 54 11
655 69 30
661 53 11
662 69 29
667 69 26
672 69 26
679 69 48
680 83 31
680 90 35
681 42 44
681 71 76
681 95 33
681 99 22
684 59 25
700 42 11
720 74 10
728 67 22
730 48 33
733 48 31
737 60 36
742 48 25
743 60 34
749 60 30
757 74 11
760 48 18
764 48 23
771 86 20
772 52 40
772 64 75
775 60 28
786 60 27
816 74 28
816 88 33
817 55 40
817 92 26
819 56 38
826 60 20
827 67 32
828 52 38
832 60 26
836 52 35
838 60 29
839 65 81
839 84 33
839 89 36
840 54 40
840 93 27
840 99 14
841 43 47
842 74 20
844 79 11
845 54 38
850 76 50
851 55 30
855 52 27
855 76 50
858 64 57
861 52 32
861 65 64
862 76 47
863 60 38
864 52 28
864 72 40
866 45 31
866 65 67
870 65 66
871 52 46
875 65 63
883 64 61
884 43 45
884 69 14
884 88 35
885 92 26
885 98 12
886 76 64
887 64 79
889 60 39
892 52 19
898 52 31
906 64 67
906 86 51
907 74 58
907 81 36
907 90 42
908 52 46
908 79 12
909 62 68
910 42 61
912 61 70
913 62 73
915 42 49
917 40 43
920 41 48
923 52 30
925 40 48
927 41 54
930 52 30
931 62 62
935 62 61
938 62 60
942 52 29
944 62 62
948 62 59
951 62 53
952 84 43
953 54 36
953 72 62
953 91 18
954 40 42
954 48 41
954 79 16
954 94 25
955 60 57
955 74 47
955 81 13
956 41 49
956 61 60
958 67 30
961 60 53
963 41 48
964 49 33
964 60 55
964 62 55
966 41 48
966 61 66
967 60 58
967 62 57
969 61 65
970 60 58
973 41 42
973 60 55
976 60 54
976 76 17
977 41 42
982 62 56
987 60 55
987 65 48
990 60 60
990 76 16
992 41 39
992 64 46
994 67 28
998 65 51
999 53 44
999 87 19
1001 42 45
1004 81 11
1005 41 37
1005 74 13
1007 53 39
1008 65 52
1009 41 37
1011 65 53
1017 53 37
1019 41 29
1022 41 29
1031 53 22
1035 41 27
1037 53 34
1043 49 33
1043 54 32
1044 60 64
1044 91 15
1045 44 37
1045 75 17
1045 94 22
1047 43 46
1047 56 56
1047 88 29
1050 79 11
1053 42 32
1054 64 44
1057 41 31
1060 64 42
1064 65 38
1065 56 59
1065 86 51
1066 81 37
1066 90 41
1067 45 42
1067 61 67
1068 62 72
1069 43 49
1070 61 74
1071 62 72
1072 46 33
1072 56 45
1073 61 76
1074 62 67
1075 43 30
1075 63 71
1076 61 74
1077 62 72
1079 41 27
1079 61 71
1080 62 71
1082 61 67
1083 62 70
1086 62 69
1088 54 41
1089 64 80
1089 83 32
1089 92 23
1090 61 67
1091 60 59
1093 61 71
1093 67 27
1094 60 60
1095 53 40
1096 61 67
1097 60 63
1100 60 63
1102 61 69
1102 67 26
1103 60 65
1105 61 68
1106 60 64
1107 63 66
1108 61 67
1108 64 66
1108 67 25
1113 61 65
1114 60 63
1116 61 66
1117 60 61
1119 61 67
1120 60 59
1122 61 67
1123 60 58
1123 63 65
1124 64 63
1125 61 66
1126 60 58
1126 67 22
1128 48 15
1129 60 58
1129 64 60
1132 60 59
1134 67 64
1135 44 36
1135 52 43
1135 91 22
1136 61 60
1137 43 46
1140 60 55
1140 64 56
1142 52 42
1143 60 55
1146 52 41
1146 60 53
1149 60 54
1149 64 47
1151 83 19
1155 64 45
1157 52 41
1158 64 47
1160 74 21
1163 71 22
1166 52 40
1168 64 43
1176 52 36
1178 72 75
1179 91 31
1179 96 33
1180 100 23
1181 83 25
1182 74 37
1183 55 33
1185 64 46
1185 74 30
1188 74 22
1189 52 31
1192 74 30
1193 83 20
1196 52 35
1203 52 32
1205 83 12
1217 52 29
1218 60 38
1224 76 72
1225 52 46
1225 74 40
1225 78 28
1225 95 32
1226 43 54
1229 45 52
1229 74 30
1233 46 42
1240 52 23
1244 52 33
1247 83 33
1247 90 34
1248 71 76
1248 99 23
1249 43 44
1249 84 13
1251 74 21
1252 52 32
1253 60 43
1257 52 15
1257 74 15
1261 52 30
1265 71 57
1271 52 51
1271 86 22
1273 43 23
1274 74 15
1275 80 11
1278 71 76
1280 79 12
1315 51 31
1315 86 21
1317 54 44
1317 74 24
1319 43 34
1319 52 40
1323 67 36
1327 52 41
1336 52 39
1360 90 38
1361 99 22
1362 42 43
1364 52 38
1365 59 43
1365 74 20
1366 45 30
1368 52 38
1407 64 56
1408 52 29
1411 59 33
1412 52 35
1428 84 32
1428 91 33
1429 72 76
1429 96 32
1429 100 23
1430 43 43
1433 52 34
1435 83 9
1451 69 62
1451 93 27
1452 87 20
1453 54 40
1454 43 42
1455 59 29
1457 53 44
1457 72 50
1463 65 42
1465 53 42
1467 65 43
1472 53 44
1483 52 41
1485 53 42
1491 53 30
1493 69 30
1494 53 39
1495 64 31
1496 52 38
1498 59 38
1498 65 35
1499 76 10
1500 43 30
1501 57 54
1504 72 30
1507 72 33
1512 72 33
1515 64 32
1520 64 30
1529 64 26
1533 57 31
1535 58 38
1537 57 30
1539 64 23
1540 57 29
1541 53 27
1543 60 43
1543 64 23
1543 84 20
1544 52 29
1545 43 27
1549 64 20
1550 60 43
1552 52 23
1558 60 43
1558 64 17
1563 64 13
1567 64 17
1568 60 26
1572 60 34
1572 64 18
1574 57 29
1576 60 38
1582 64 11
1587 93 31
1588 60 41
1588 65 59
1588 69 60
1588 84 18
1588 88 35
1590 43 43
1591 52 32
1594 46 29
1610 71 76
1610 90 34
1611 99 21
1613 42 41
1626 52 23
1633 54 37
1633 67 60
1633 86 40
1634 91 23
1636 49 38
1641 48 28
1642 57 11
1649 69 29
1651 65 34
1656 69 32
1660 48 25
1670 48 23
1679 86 21
1680 52 41
1688 69 42
1695 52 37
1701 60 12
1702 52 38
1709 67 31
1721 52 32
1723 72 74
1723 91 32
1724 56 34
1724 64 32
1724 100 23
1728 64 35
1728 67 31
1729 60 23
1729 83 15
1731 69 24
1733 52 31
1735 69 29
1737 55 23
1741 52 33
1741 74 17
1749 86 14
1750 52 34
1750 74 19
1752 69 26
1761 52 30
1762 69 26
1769 50 34
1769 59 33
1769 83 35
1769 90 35
1769 95 35
1769 99 22
1770 67 28
1770 71 76
1771 60 45
1771 84 21
1773 52 26
1773 74 17
1778 52 30
1784 72 58
1786 71 54
1787 52 30
1792 72 55
1793 71 47
1795 72 53
1796 52 31
1799 71 42
1800 72 51
1805 52 29
1812 71 77
1814 90 37
1815 99 21
1816 42 45
1816 78 16
1817 74 25
1821 62 48
1823 51 32
1824 62 50
1827 51 39
1827 62 50
1830 49 33
1830 62 48
1831 72 47
1833 62 48
1833 71 42
1836 62 47
1838 69 28
1839 62 47
1840 71 32
1842 62 46
1842 72 34
1844 71 35
1845 69 27
1846 61 45
1848 62 44
1849 50 30
1849 72 36
1850 60 40
1850 71 35
1852 69 26
1853 51 28
1853 60 39
1856 60 38
1856 71 32
1859 60 40
1859 69 60
1859 72 40
1860 54 44
1860 87 20
1860 88 35
1860 93 28
1861 61 47
1861 64 40
1863 43 45
1863 60 40
1863 65 39
1864 52 45
1866 53 38
1868 52 30
1868 60 32
1868 62 29
1869 71 29
1870 72 44
1871 60 33
1872 71 47
1873 53 37
1874 60 32
1876 53 33
1877 60 30
1880 60 31
1881 52 32
1883 53 40
1883 60 31
1885 52 40
1886 60 30
1887 53 23
1888 69 21
1889 60 30
1891 52 35
1893 53 35
1895 52 34
1897 53 16
1901 52 34
1903 53 33
1903 69 66
1905 93 27
1906 88 35
1907 65 35
1907 76 16
1908 43 43
1909 57 54
1910 45 32
1912 71 42
1916 72 33
1917 71 36
1932 52 31
1950 67 68
1951 43 36
1951 74 30
1951 86 42
1951 91 25
1951 95 17
1952 52 31
1952 57 36
1952 62 49
1952 90 14
1959 71 25
1961 81 19
1969 43 9
1969 52 25
1973 95 23
1974 54 36
1975 57 29
1989 52 23
1998 43 54
1998 53 30
2000 56 30
2002 57 29
2006 57 26
2009 56 31
2013 56 33
2021 56 29
2027 69 44
2043 59 32
2046 59 30
2050 46 54
2052 47 49
2055 71 30
2057 46 55
2061 46 55
2062 62 13
2065 46 53
2066 62 15
2068 46 52
2072 46 51
2072 67 30
2073 59 14
2074 47 49
2076 67 31
2079 46 50
2080 59 14
2083 46 50
2084 62 51
2084 67 29
2085 47 43
2088 78 16
2090 47 54
2092 79 9
2095 49 44
2097 46 51
2099 48 45
2105 46 45
2116 46 42
2120 46 39
2123 47 45
2131 48 42
2132 66 32
2132 73 53
2132 79 31
2132 84 42
2132 86 53
2133 46 37
2133 60 62
2134 94 22
2135 54 36
2135 74 25
2136 47 39
2136 88 27
2139 54 34
2143 48 34
2143 55 28
2143 74 21
2146 48 35
2151 67 27
2152 47 34
2154 48 35
2154 90 42
2155 54 35
2156 69 16
2156 74 57
2156 81 35
2157 43 53
2158 61 70
2159 62 72
2162 46 47
2162 61 66
2162 69 14
2163 62 71
2167 47 35
2170 61 67
2173 61 67
2174 46 37
2177 88 31
2178 64 78
2178 83 32
2178 92 25
2180 67 37
2185 60 60
2187 47 41
2187 61 66
2188 60 64
2190 61 67
2191 60 63
2193 61 68
2194 60 64
2194 64 61
2196 61 68
2197 60 62
2199 47 33
2199 61 67
2200 60 63
2202 48 41
2202 61 66
2202 64 64
2203 60 62
2204 47 37
2205 61 65
2206 60 63
2211 61 65
2215 47 36
2215 64 56
2217 60 59
2219 48 34
2220 60 59
2220 64 58
2223 60 55
2223 64 49
2224 52 44
2226 60 56
2228 64 52
2229 60 57
2231 61 60
2232 60 56
2233 48 33
2235 72 34
2236 52 39
2237 60 57
2238 83 23
2239 52 35
2241 64 47
2244 47 34
2245 52 39
2254 64 45
2256 52 35
2262 52 33
2265 71 20
2268 74 28
2271 43 33
2271 56 36
2271 71 18
2272 67 23
2274 52 30
2280 49 29
2282 83 18
2283 52 33
2293 83 12
2298 60 40
2301 52 28
2309 52 44
2309 60 33
2313 65 78
2313 84 40
2314 44 39
2314 73 25
2314 93 29
2314 99 11
2316 74 28
2317 72 38
2319 47 29
2319 54 39
2331 52 30
2334 52 48
2334 60 30
2335 79 10
2335 88 34
2336 69 10
2336 83 29
2336 92 29
2337 43 46
2337 64 77
2337 98 13
2339 74 59
2343 60 28
2347 64 69
2349 52 33
2351 64 67
2352 60 33
2356 65 63
2358 47 40
2358 90 42
2359 81 34
2360 52 45
2360 79 11
2361 42 63
2362 62 74
2366 52 36
2368 65 55
2369 52 33
2372 41 48
2372 62 70
2375 52 30
2377 40 50
2379 41 54
2381 62 62
2383 52 30
2386 62 57
2387 52 25
2392 62 60
2394 52 32
2395 62 61
2396 65 43
2399 61 54
2401 62 59
2404 54 36
2404 59 53
2404 84 41
2405 67 24
2405 72 61
2405 91 17
2406 94 24
2407 41 45
2407 49 43
2407 60 55
2407 74 46
2410 41 49
2418 61 65
2419 60 59
2420 41 46
2422 60 58
2425 41 42
2425 60 57
2428 65 45
2428 76 17
2430 60 52
2431 65 46
2433 60 49
2435 41 42
2436 60 53
2439 60 60
2444 76 12
2445 64 46
2448 41 39
2449 67 23
2450 77 10
2450 87 18
2451 53 43
2451 64 44
2453 42 45
2455 53 30
2457 41 33
2457 64 41
2461 53 39
2462 64 39
2463 41 34
2467 53 36
2472 53 35
2476 41 29
2476 64 35
2482 41 31
2482 64 33
2487 64 35
2489 41 28
2491 64 38
2494 87 12
2496 52 34
2496 60 63
2496 91 16
2496 94 22
2497 75 16
2498 43 47
2499 56 56
2499 88 30
2501 67 17
2504 79 11
2505 64 36
2510 64 34
2513 56 58
2517 86 51
2517 90 41
2518 61 67
2518 81 36
2519 74 55
2520 43 48
2520 62 76
2524 46 32
2525 61 72
2526 62 75
2533 41 18
2536 61 71
2537 62 61
2539 61 68
2540 54 42
2540 62 66
2540 76 61
2540 83 33
2541 64 79
2541 92 25
2542 61 66
2543 49 39
2543 67 26
2544 63 66
2547 63 66
2548 60 65
2549 67 23
2550 47 31
2550 61 68
2551 60 66
2553 61 69
2554 60 65
2555 48 28
2556 61 69
2557 60 65
2557 64 64
2559 61 69
2560 60 65
2560 64 63
2562 61 69
2563 48 29
2563 60 64
2565 61 68
2565 64 66
2566 60 63
2567 67 21
2568 61 66
2569 60 62
2570 48 23
2571 61 65
2573 67 19
2574 61 65
2578 64 61
2578 67 63
2580 48 22
2580 60 60
2583 60 59
2586 60 57
2586 64 54
2586 91 22
2587 44 41
2587 52 41
2589 60 56
2591 52 40
2591 64 53
2592 60 57
2594 52 41
2594 61 58
2598 52 42
2600 60 55
2601 64 49
2601 83 19
2607 51 32
2609 52 42
2612 74 27
2615 71 21
2617 52 41
2620 64 42
2628 52 35
2630 54 33
2630 72 74
2631 91 31
2631 96 32
2631 100 23
2633 54 37
2633 64 45
2634 83 27
2635 74 29
2641 52 31
2641 74 29
2644 55 29
2645 83 19
2648 52 35
2654 74 37
2655 52 34
2656 83 12
2658 60 38
2661 60 40
2668 52 31
2676 52 47
2676 76 73
2676 95 32
2677 78 21
2679 43 53
2679 74 31
2681 45 50
2685 46 41
2686 52 28
2687 45 22
2692 52 32
2698 83 32
2699 71 76
2699 90 35
2699 99 22
2701 43 43
2703 52 33
2704 74 25
2705 60 20
2709 60 44
2710 74 17
2711 51 30
2715 52 27
2716 72 54
2717 71 77
2721 52 52
2723 74 14
2723 86 22
2727 79 11
2732 86 21
2769 74 25
2772 52 40
2773 67 39
2812 90 36
2813 99 22
2814 42 42
2815 74 20
2816 52 40
2817 59 41
2824 59 44
2858 76 38
2859 64 56
2880 84 33
2880 91 33
2881 43 42
2881 72 77
2881 96 33
2881 100 23
2882 83 16
2883 51 35
2885 52 32
2899 43 10
2903 54 43
2903 69 63
2903 93 30
2904 87 18
2905 43 45
2906 59 29
2907 52 48
2907 72 49
2909 53 44
2909 64 48
2911 52 32
2913 54 29
2914 65 42
2917 53 43
2924 53 43
2935 52 42
2937 53 41
2940 72 44
2943 53 39
2945 69 30
2947 52 39
2949 65 34
2951 76 11
2952 43 31
2952 57 55
2963 65 29
2968 64 30
2973 64 29
2981 57 36
2983 58 38
2985 57 34
2986 64 24
2988 57 34
2991 64 20
2994 57 32
2994 84 19
2995 60 43
2995 64 25
2999 45 20
3000 64 18
3001 57 31
3003 60 44
3005 64 19
3010 64 20
3019 64 17
3024 64 17
3026 57 30
3028 60 39
3028 64 14
3033 64 13
3037 57 34
3039 84 17
3039 93 31
3040 65 59
3040 69 59
3040 72 19
3040 88 35
3041 43 43
3041 60 42
3043 52 29
3044 45 32
3046 46 29
3060 53 23
3061 83 33
3062 71 76
3062 90 36
3062 95 33
3062 99 22
3065 42 40
3069 45 14
3070 52 24
3078 52 21
3081 42 10
3084 54 31
3084 86 39
3085 67 60
3085 91 22
3087 69 31
3092 69 34
3094 57 10
3095 48 26
3105 67 40
3107 48 26
3112 48 22
3112 69 35
3116 69 35
3128 69 32
3131 52 38
3131 86 22
3133 64 40
3138 52 41
3145 52 36
3152 60 13
3153 52 39
3153 69 36
3164 52 36
3173 52 32
3175 72 74
3175 91 32
3176 55 40
3176 64 36
3176 69 39
3176 100 23
3178 74 35
3179 51 32
3180 60 22
3180 67 29
3181 83 15
3183 54 37
3184 67 33
3186 69 26
3190 69 29
3191 74 24
3193 52 33
3200 74 19
3206 69 26
3212 52 31
3220 71 76
3220 90 34
3221 67 37
3221 95 36
3221 99 22
3222 42 31
3222 60 43
3222 84 21
3224 52 34
3225 74 21
3230 52 29
3231 74 17
3235 74 17
3238 71 50
3239 52 30
3239 72 56
3241 71 51
3242 72 55
3244 71 52
3245 72 50
3247 52 30
3251 71 45
3253 72 52
3254 71 38
3257 52 29
3257 71 43
3258 72 52
3260 71 44
3261 72 50
3264 71 49
3265 64 24
3265 90 39
3266 52 45
3266 79 12
3266 99 20
3267 71 76
3267 87 16
3268 53 35
3268 65 38
3268 84 14
3269 41 35
3273 52 39
3283 53 38
3286 52 31
3290 53 39
3302 53 36
3309 52 28
3311 69 65
3311 93 28
3312 43 43
3312 88 37
3313 65 35
3313 76 16
3315 57 54
3317 45 32
3320 71 48
3344 57 37
3347 65 12
3348 57 31
3353 57 31
3355 69 66
3357 52 40
3357 60 47
3357 84 21
3358 88 31
3359 65 18
3361 52 27
3362 45 32
3369 52 24
3371 65 13
3376 52 22
3379 71 35
3381 65 9
3395 69 27
3401 67 61
3402 57 33
3402 84 16
3402 86 40
3402 95 19
3403 77 37
3403 91 23
3404 43 41
3404 66 65
3404 71 36
3404 79 35
3405 67 67
3407 65 58
3408 46 24
3415 53 30
3416 69 42
3416 71 30
3423 65 34
3425 95 23
3426 42 42
3432 45 13
3437 53 23
3444 53 27
3449 72 27
3451 48 37
3458 48 31
3459 57 12
3461 69 44
3466 48 28
3477 48 25
3485 48 23
3493 86 17
3494 52 43
3498 83 16
3508 52 39
3509 71 22
3515 60 13
3516 52 40
3527 52 38
3532 86 11
3535 52 30
3537 72 74
3538 79 17
3538 91 32
3539 55 41
3539 64 35
3539 100 23
3541 74 33
3542 51 31
3543 60 22
3543 83 17
3546 54 37
3549 67 30
3551 74 24
3554 83 10
3555 52 34
3557 74 16
3561 74 22
3563 69 21
3565 52 32
3569 69 20
3571 67 33
3575 52 30
3583 52 32
3585 60 43
3586 74 19
3589 64 16
3593 52 28
3598 64 12
3601 52 29
3601 74 15
3605 70 53
3606 83 38
3606 90 33
3607 42 44
3607 71 76
3607 99 22
3608 84 9
3610 52 31
3614 52 25
3620 52 27
3624 71 73
3628 90 36
3629 52 39
3630 99 15
3631 42 48
3631 78 14
3632 60 43
3632 74 27
3635 60 39
3635 62 39
3637 51 31
3638 60 41
3640 49 34
3641 60 41
3642 51 40
3644 60 41
3645 49 34
3647 60 41
3650 60 40
3650 62 35
3651 69 66
3651 93 27
3652 88 35
3653 60 42
3654 43 45
3656 60 40
3659 60 38
3659 71 51
3659 74 11
3661 97 9
3662 60 38
3662 62 35
3665 60 39
3668 51 29
3668 60 39
3674 60 39
3675 54 37
3675 87 19
3677 60 38
3677 84 17
3678 65 35
3679 52 43
3681 53 36
3686 60 35
3686 71 37
3687 53 37
3687 72 42
3689 52 42
3689 71 43
3692 60 33
3697 53 42
3697 60 34
3700 69 31
3702 61 34
3704 53 30
3705 61 34
3706 72 27
3707 53 36
3708 61 32
3711 53 27
3711 72 28
3716 52 35
3717 69 31
3718 53 35
3720 61 33
3722 76 15
3723 43 29
3723 57 54
3763 52 23
3765 74 31
3767 62 48
3767 90 15
3773 52 24
3784 52 29
3813 78 15
3814 62 35
3815 50 36
3822 50 34
3825 50 34
3830 62 43
3831 52 32
3840 81 10
3841 52 31
3843 57 16
3853 69 18
3856 65 32
3856 87 20
3858 53 43
3858 72 26
3869 53 34
3876 62 23
3879 53 27
3881 62 25
3886 53 30
3889 53 31
3896 53 26
3900 62 24
3900 69 64
3901 88 36
3901 93 30
3902 65 37
3903 58 37
3903 76 16
3904 43 44
3904 72 21
3905 57 55
3906 45 31
3926 74 27
3937 62 12
3941 62 15
3947 62 49
3947 67 68
3947 86 41
3947 90 15
3947 91 23
3947 95 19
3948 57 34
3949 43 38
3951 52 24
3965 81 17
3969 54 37
3969 95 22
3973 57 31
3994 43 54
3998 57 30
4002 57 26
4005 56 31
4013 56 32
4023 57 23
4027 57 20
4029 69 29
4038 59 32
4042 62 26
4043 81 10
4046 46 54
4046 59 29
4051 71 25
4053 46 54
4055 59 21
4057 46 55
4058 62 12
4061 46 53
4062 62 15
4064 46 52
4068 46 52
4070 47 50
4070 69 25
4074 69 39
4075 46 51
4077 59 16
4079 46 50
4081 47 44
4082 62 46
4083 45 42
4084 78 16
4086 47 53
4088 79 9
4093 46 51
4095 48 44
4101 46 45
4108 46 45
4112 46 41
4126 47 42
4129 79 14
4130 46 46
4130 55 43
4135 48 38
4136 55 23
4137 46 43
4142 55 21
4143 67 37
4152 46 37
4154 47 37
4155 55 21
4161 47 34
4162 54 18
4166 47 36
4176 43 52
4181 43 54
4188 43 56
4219 71 26
4220 59 31
4226 47 49
4235 46 56
4237 47 50
4239 46 53
4242 46 52
4246 46 52
4248 47 48
4253 46 50
4257 46 49
4259 47 48
4261 46 47
4264 64 78
4264 83 32
4264 92 27
4265 69 24
4265 98 12
4266 74 20
4268 46 59
4273 51 31
4275 78 15
4286 46 44
4286 65 81
4286 89 35
4287 84 32
4287 93 26
4287 99 12
4288 69 20
4290 71 11
4292 69 19
4297 46 43
4303 65 68
4304 47 41
4305 64 62
4308 64 66
4309 54 35
4309 74 25
4309 86 44
4310 66 66
4310 79 33
4311 64 66
4311 67 64
4312 49 35
4313 55 31
4315 46 41
4315 83 23
4316 55 29
4317 47 36
4318 64 65
4319 65 63
4320 48 36
4320 67 56
4322 65 61
4324 48 35
4324 55 20
4324 67 51
4326 46 36
4326 83 21
4327 65 63
4331 65 61
4331 76 80
4332 95 41
4335 43 52
4335 67 47
4336 74 39
4337 83 18
4338 46 50
4338 54 26
4340 65 55
4344 48 29
4344 67 47
4346 47 39
4348 83 15
4354 47 41
4355 65 51
4355 67 43
4356 59 29
4356 72 24
4358 60 31
4358 67 45
4358 83 12
4359 74 27
4360 45 40
4361 65 49
4364 60 35
4364 65 47
4364 67 36
4364 74 16
4365 47 49
4366 64 44
4368 60 33
4370 47 41
4371 64 46
4373 74 12
4374 64 45
4377 74 10
4379 48 38
4381 47 36
4383 48 33
4386 64 41
4389 60 29
4391 55 10
4391 64 42
4393 47 39
4395 60 30
4395 65 39
4397 48 30
4398 65 42
4401 52 43
4401 86 19
4402 71 26
4404 46 38
4404 83 29
4407 60 30
4408 64 45
4409 52 35
4413 60 29
4413 64 45
4417 52 37
4420 48 29
4422 64 47
4431 48 29
4434 67 20
4438 52 31
4444 49 32
4446 55 39
4446 64 77
4446 74 22
4446 92 25
4446 98 12
4447 71 20
4448 42 32
4448 56 38
4451 53 35
4453 67 24
4454 60 28
4458 67 24
4463 52 34
4464 67 31
4468 84 32
4468 89 35
4469 93 27
4469 99 12
4470 45 49
4470 65 80
4472 60 24
4473 55 33
4473 79 10
4477 60 25
4477 74 16
4480 55 32
4480 65 68
4481 64 69
4484 76 51
4485 64 66
4490 79 26
4490 86 51
4491 51 35
4491 76 50
4491 77 55
4492 44 36
4492 60 40
4494 45 39
4494 64 67
4494 74 67
4495 52 30
4495 83 18
4498 76 46
4499 46 34
4499 64 65
4501 67 48
4503 76 44
4503 77 48
4506 67 48
4508 52 29
4509 65 61
4513 65 61
4513 93 18
4517 42 39
4517 65 58
4519 83 11
4526 65 55
4529 52 27
4529 83 10
4532 65 54
4532 67 44
4536 75 48
4536 93 13
4537 54 31
4537 65 48
4538 47 34
4538 74 65
4539 67 47
4541 42 44
4541 52 34
4541 65 48
4541 72 32
4542 60 47
4545 41 39
4546 52 39
4546 65 47
4547 40 34
4550 76 18
4551 40 36
4555 76 15
4556 64 43
4560 40 35
4563 67 39
4567 64 42
4569 40 33
4569 67 32
4576 40 31
4579 65 41
4579 67 30
4583 47 51
4584 71 31
4586 47 50
4586 65 40
4589 67 29
4591 65 34
4594 65 42
4596 67 31
4597 60 40
4598 65 44
4599 67 29
4600 64 37
4604 64 41
4606 74 12
4608 64 41
4612 64 42
4613 74 23
4617 64 41
4627 64 82
4627 83 38
4627 88 32
4627 92 29
4628 52 52
4629 74 21
4630 59 36
4632 47 45
4632 60 36
4635 74 13
4638 47 44
4642 52 40
4642 60 27
4648 47 41
4649 52 48
4649 85 39
4650 90 20
4650 94 18
4651 65 70
4652 64 68
4652 78 26
4653 52 42
4656 47 42
4660 47 41
4663 59 21
4664 74 10
4665 47 41
4667 86 14
4671 47 41
4672 92 35
4673 67 67
4673 80 33
4673 87 39
4674 68 66
4676 56 55
4681 46 45
4688 47 38
4689 64 51
4689 86 16
4691 66 50
4693 86 16
4694 47 36
4698 64 49
4698 66 48
4699 47 34
4702 86 13
4703 66 47
4706 47 32
4707 64 36
4709 75 18
4711 47 34
4714 64 49
4714 66 41
4715 47 44
4715 86 14
4720 45 47
4720 52 29
4720 73 19
4720 86 14
4723 45 54
4723 66 39
4724 69 23
4725 46 55
4729 44 43
4730 57 29
4730 75 10
4733 45 54
4736 44 44
4737 68 26
4740 45 52
4741 68 32
4742 64 37
4743 44 41
4745 45 51
4747 46 49
4750 44 35
4751 64 29
4752 68 30
4753 46 47
4756 68 30
4757 44 30
4758 56 34
4760 46 44
4760 68 36
4763 60 22
4763 69 60
4763 72 23
4763 88 36
4763 93 30
4768 46 54
4768 60 34
4770 64 27
4773 46 51
4773 56 25
4773 68 46
4774 64 43
4775 69 32
4778 46 35
4778 67 29
4778 69 36
4780 44 41
4782 46 48
4782 67 34
4782 69 38
4786 69 38
4787 46 46
4789 56 21
4789 68 37
4793 60 29
4793 68 36
4796 46 43
4796 69 33
4797 56 22
4797 67 40
4801 46 39
4801 68 38
4803 56 19
4804 67 30
4806 68 43
4807 72 74
4808 91 33
4809 52 41
4809 86 20
4809 96 32
4810 68 39
4811 69 33
4812 60 27
4812 83 32
4814 68 37
4815 52 36
4815 69 36
4817 80 9
4818 68 48
4824 46 39
4825 52 34
4834 52 32
4837 47 36
4841 52 31
4846 46 32
4853 90 34
4854 71 76
4854 95 33
4854 99 22
4856 84 10
4857 42 37
4857 57 54
4859 68 26
4860 46 32
4871 68 31
4874 46 31
4875 68 31
4881 72 45
4883 71 45
4886 72 46
4887 71 39
4889 72 43
4890 71 42
4892 52 24
4892 57 32
4893 69 35
4893 71 41
4896 71 43
4898 68 51
4899 88 34
4899 93 28
4900 69 58
4900 87 21
4901 43 43
4901 65 40
4902 53 45
4903 72 46
4904 45 32
4906 57 34
4906 97 9
4907 45 30
4909 53 41
4912 57 35
4912 71 34
4915 57 29
4915 71 33
4916 72 45
4917 53 41
4918 71 76
4922 81 11
4923 46 25
4928 53 40
4928 68 18
4934 69 21
4938 69 52
4941 53 30
4941 57 28
4944 60 25
4944 90 35
4945 95 33
4945 99 22
4946 52 41
4946 65 33
4947 76 15
4948 41 29
4948 57 55
4979 71 30
4990 72 38
4990 88 35
4990 93 30
4991 69 61
4992 65 21
4994 72 40
4995 52 31
4995 57 38
4997 45 29
4998 65 14
4999 60 42
5004 69 25
5006 52 28
5008 57 30
5008 71 40
5015 52 28
5016 65 12
5017 57 30
5022 60 43
5030 69 29
5033 52 30
5035 64 48
5035 67 65
5035 84 15
5035 86 42
5035 95 20
5036 77 38
5036 91 23
5037 88 9
5038 43 41
5039 71 35
5040 65 58
5040 67 56
5041 46 21
5043 52 25
5046 71 29
5047 67 67
5051 69 39
5053 65 40
5058 95 23
5059 43 35
5061 42 41
5064 46 18
5065 71 26
5073 53 26
5074 71 27
5079 71 24
5081 47 42
5084 60 22
5084 72 30
5087 47 30
5089 72 30
5093 48 32
5094 57 13
5097 72 31
5098 69 39
5104 69 38
5108 48 30
5114 48 15
5120 48 30
5121 69 36
5126 86 18
5127 52 37
5129 64 39
5131 71 20
5134 52 42
5135 71 25
5140 71 25
5141 52 37
5141 60 13
5147 71 23
5149 52 38
5149 67 22
5154 67 26
5159 71 16
5160 52 35
5164 52 34
5165 86 10
5166 71 25
5169 52 31
5170 86 10
5171 69 60
5171 93 30
5172 55 42
5172 64 35
5172 74 26
5172 79 14
5172 88 35
5174 43 29
5176 60 23
5176 83 15
5179 54 36
5180 71 22
5181 67 32
5187 55 30
5187 69 31
5189 52 32
5191 67 25
5195 67 23
5195 69 23
5203 69 18
5208 69 23
5209 52 28
5216 86 44
5217 67 66
5217 84 17
5217 95 19
5218 60 48
5219 43 35
5219 74 19
5222 88 13
5224 46 31
5225 69 30
5228 52 27
5232 52 30
5239 88 11
5239 95 23
5241 43 40
5241 54 35
5245 52 28
5253 52 30
5258 43 11
5263 46 51
5263 56 31
5265 45 49
5267 64 25
5277 45 51
5282 64 18
5291 64 28
5299 69 39
5302 52 27
5307 81 21
5307 93 29
5308 88 35
5309 69 58
5310 44 48
5310 67 38
5311 73 27
5313 67 38
5314 46 48
5317 67 39
5318 46 43
5322 60 45
5325 59 29
5327 60 42
5328 46 39
5333 60 43
5333 69 35
5333 73 17
5336 67 36
5338 46 36
5339 60 40
5340 45 34
5342 61 29
5342 69 35
5344 67 35
5345 46 35
5345 60 40
5347 61 38
5350 45 33
5350 69 36
5352 60 35
5352 68 51
5352 86 42
5353 73 13
5353 79 33
5353 95 24
5354 44 44
5354 52 43
5354 67 60
5355 69 35
5357 61 39
5358 64 57
5358 83 17
5359 69 39
5362 71 25
5364 61 34
5366 52 39
5369 52 40
5374 52 39
5375 61 29
5382 61 29
5382 86 13
5386 71 18
5387 52 38
5391 86 10
5392 52 33
5398 73 21
5398 77 67
5398 84 41
5399 65 77
5399 93 35
5399 99 11
5401 57 55
5407 71 13
5408 52 38
5419 71 21
5420 64 50
5422 65 68
5422 73 13
5422 99 9
5428 53 29
5434 52 32
5436 57 43
5444 45 51
5446 64 42
5447 73 11
5449 45 52
5450 65 55
5478 52 23
5488 83 28
5489 88 31
5489 92 27
5489 98 12
5490 64 76
5490 73 24
5493 46 44
5496 46 48
5498 69 34
5501 68 34
5502 69 32
5503 46 37
5503 52 35
5505 68 30
5506 69 32
5507 57 16
5508 44 35
5509 68 29
5510 46 39
5510 69 32
5513 46 38
5513 68 26
5514 73 16
5516 46 32
5516 69 30
5518 68 29
5520 69 30
5523 46 34
5531 51 29
5531 68 27
5533 45 39
5534 66 68
5534 71 26
5534 73 19
5534 84 37
5534 89 34
5535 44 51
5535 68 34
5535 77 63
5535 86 18
5535 93 24
5535 99 13
5536 65 79
5537 43 55
5538 80 12
5546 46 33
5546 68 23
5551 45 33
5553 52 31
5556 46 30
5559 52 30
5578 68 32
5579 86 42
5580 67 61
5580 73 20
5580 91 23
5581 61 32
5582 71 23
5583 57 55
5583 65 64
5585 67 57
5589 65 57
5592 65 57
5594 67 51
5596 65 55
5600 67 44
5603 64 52
5605 67 46
5609 64 52
5609 67 65
5614 52 22
5621 52 23
5622 64 44
5625 86 43
5625 95 16
5626 43 38
5626 74 21
5628 57 39
5628 63 35
5630 62 49
5632 51 30
5637 50 41
5638 77 14
5642 51 33
5646 77 64
5647 84 34
5648 65 78
5648 93 26
5648 99 11
5649 44 46
5652 52 42
5654 46 29
5654 62 37
5655 57 29
5659 50 31
5669 52 40
5670 83 31
5670 88 32
5671 63 69
5671 87 19
5671 92 27
5671 98 13
5672 64 79
5672 84 32
5673 43 43
5674 72 26
5675 81 11
5676 53 46
5680 63 65
5681 64 72
5681 74 10
5682 57 22
5686 53 40
5691 65 66
5692 64 70
5692 86 51
5693 74 55
5693 90 42
5694 43 49
5694 54 40
5694 81 33
5696 53 36
5696 77 42
5697 65 57
5697 72 21
5698 45 29
5698 61 67
5699 53 41
5699 62 72
5701 45 29
5703 61 65
5704 63 70
5705 52 42
5705 62 70
5707 53 32
5707 66 55
5707 72 17
5709 64 69
5712 53 30
5714 64 68
5715 52 37
5718 43 33
5718 64 67
5719 57 52
5719 72 17
5721 45 20
5723 64 64
5726 62 61
5731 62 60
5734 62 60
5735 72 12
5738 64 56
5739 62 57
5742 62 59
5746 62 59
5759 62 54
5761 64 47
5762 81 20
5762 90 11
5763 62 48
5764 52 22
5767 64 48
5771 64 46
5773 52 30
5775 64 51
5783 52 28
5798 64 42
5801 62 35
5803 64 37
5804 90 14
5808 43 53
5808 64 35
5810 57 32
5810 67 30
5813 57 33
5813 74 35
5814 64 34
5818 64 35
5819 56 33
5819 67 25
5821 57 29
5825 57 28
5829 57 26
5832 54 31
5841 64 34
5851 64 31
5852 71 26
5853 59 30
5856 59 29
5856 64 33
5865 59 27
5868 46 57
5870 47 51
5872 46 53
5873 59 17
5875 46 54
5875 64 25
5879 46 54
5879 64 23
5881 47 50
5884 59 17
5886 46 52
5888 47 48
5890 46 50
5897 64 77
5897 83 31
5897 92 26
5898 69 27
5898 98 11
5899 46 60
5900 78 16
5905 49 44
5909 48 49
5919 46 46
5920 69 24
5920 84 33
5920 89 36
5920 93 27
5920 99 12
5921 54 39
5921 65 81
5923 71 9
5928 47 46
5930 46 46
5934 47 41
5936 65 67
5937 47 43
5941 64 65
5942 54 32
5942 86 44
5943 66 65
5943 79 33
5944 67 64
5945 49 37
5945 76 46
5946 55 34
5946 65 65
5947 64 66
5947 67 60
5948 46 42
5948 83 24
5951 64 65
5955 65 60
5955 67 54
5959 46 36
5959 83 20
5960 65 63
5963 54 25
5964 65 60
5964 81 15
5964 88 39
5965 76 79
5965 95 42
5966 67 47
5968 43 53
5969 65 60
5969 74 19
5970 83 18
5971 46 50
5973 65 56
5974 74 39
5977 55 16
5977 67 47
5978 47 38
5980 83 15
5985 47 41
5986 67 46
5988 65 51
5989 72 24
5991 60 31
5991 67 46
5992 74 30
5992 83 11
5994 65 49
5996 60 35
5997 65 49
5997 67 37
5997 74 22
5998 47 48
6003 47 42
6004 64 47
6004 67 36
6008 60 30
6011 47 38
6014 47 36
6014 65 38
6016 60 30
6017 48 33
6019 64 38
6024 64 42
6026 47 38
6028 60 30
6028 65 40
6030 48 31
6031 54 18
6031 65 42
6034 52 46
6034 86 18
6035 71 26
6037 46 37
6039 83 30
6040 60 28
6041 64 44
6045 52 39
6046 60 29
6046 64 45
6048 65 36
6050 52 31
6051 64 46
6052 60 28
6053 48 30
6054 52 38
6055 64 77
6060 60 28
6066 60 25
6072 60 26
6073 52 31
6076 67 27
6077 49 31
6079 74 20
6079 92 27
6079 98 12
6081 56 37
6081 71 20
6084 53 35
6084 60 25
6086 67 26
6090 74 14
6092 60 28
6095 67 28
6096 52 34
6101 60 26
6101 84 32
6101 89 36
6102 93 27
6102 99 13
6103 65 79
6105 46 37
6106 55 33
6106 79 9
6107 74 17
6110 60 24
6113 55 33
6113 65 68
6114 64 69
6115 60 23
6117 76 51
6118 64 66
6123 79 27
6123 86 51
6124 51 35
6124 65 65
6124 76 49
6124 95 19
6125 44 36
6125 64 66
6125 72 38
6126 60 47
6127 45 40
6127 74 18
6128 52 30
6129 77 53
6129 83 16
6132 46 34
6132 64 64
6134 67 48
6135 52 28
6136 76 46
6136 77 48
6138 65 60
6139 67 49
6140 83 13
6141 52 29
6142 65 61
6146 65 61
6147 74 68
6147 93 17
6150 42 38
6151 52 34
6152 83 12
6162 52 27
6162 83 10
6165 65 55
6165 67 44
6169 75 45
6169 93 13
6170 54 31
6170 65 49
6171 74 65
6172 67 48
6174 42 45
6174 52 36
6174 65 47
6178 41 39
6178 77 18
6179 52 38
6179 65 47
6181 40 36
6188 77 12
6189 64 42
6192 67 41
6196 67 37
6202 64 41
6203 67 32
6208 64 42
6210 65 38
6212 67 30
6213 65 41
6216 47 49
6218 64 41
6218 71 33
6219 47 44
6222 67 31
6227 64 42
6228 47 48
6229 67 31
6230 60 39
6231 65 44
6232 67 29
6233 64 37
6236 65 41
6238 64 36
6238 67 29
6239 74 13
6242 64 40
6245 64 42
6245 74 24
6250 64 42
6260 64 81
6260 83 38
6260 88 34
6260 92 28
6261 52 52
6262 74 25
6263 59 36
6264 46 55
6265 60 35
6268 74 11
6269 60 24
6271 47 44
6274 86 11
6275 52 42
6275 60 28
6279 48 41
6282 85 39
6283 59 27
6283 90 20
6283 94 18
6284 65 69
6285 64 68
6285 78 26
6286 52 41
6289 47 43
6289 60 28
6294 59 18
6294 66 55
6296 47 41
6297 74 12
6304 47 43
6305 92 35
6306 67 67
6306 71 28
6306 80 33
6306 87 40
6307 68 66
6309 56 55
6314 46 46
6318 47 37
6322 64 52
6322 66 46
6322 86 15
6326 48 34
6328 47 35
6329 64 48
6331 66 48
6332 47 34
6335 86 14
6338 66 47
6339 47 31
6345 75 16
6346 47 43
6347 64 49
6348 52 27
6352 58 28
6353 45 48
6353 52 27
6353 73 20
6353 86 14
6356 45 53
6357 86 12
6358 46 55
6358 75 10
6361 45 38
6363 57 29
6366 45 53
6369 44 43
6370 68 28
6372 46 53
6374 45 47
6374 68 33
6375 59 13
6375 64 37
6376 44 40
6378 45 51
6380 46 49
6383 44 34
6385 68 31
6386 46 47
6389 59 12
6389 68 30
6390 44 30
6393 46 44
6393 68 36
6396 69 60
6396 88 35
6396 93 29
6397 64 23
6397 72 25
6399 44 52
6401 46 53
6403 60 34
6403 64 43
6405 56 26
6406 46 50
6406 68 44
6408 69 32
6411 46 36
6411 69 37
6413 44 40
6415 46 47
6415 67 34
6415 69 37
6418 68 42
6419 69 37
6420 46 45
6422 56 22
6422 68 37
6426 60 29
6426 68 37
6429 46 43
6429 56 22
6429 69 34
6433 67 32
6433 69 29
6434 46 39
6435 68 38
6436 56 17
6438 68 43
6440 72 74
6441 91 33
6442 52 41
6442 86 20
6445 60 28
6445 83 33
6446 68 38
6448 52 37
6448 69 36
6450 80 11
6451 68 49
6457 46 39
6470 47 36
6472 52 32
6486 90 34
6487 71 76
6487 95 33
6487 99 22
6489 85 11
6490 42 38
6490 57 54
6493 46 32
6496 68 29
6501 68 34
6506 46 32
6508 68 33
6514 68 34
6519 72 47
6522 72 44
6523 71 42
6525 52 24
6525 57 33
6526 71 41
6527 72 48
6529 71 43
6530 57 31
6531 68 50
6532 88 34
6532 93 29
6533 69 58
6533 87 21
6534 43 43
6535 53 45
6535 72 43
6537 45 33
6537 57 36
6541 53 41
6543 68 29
6545 71 33
6548 57 30
6548 71 34
6549 72 44
6550 53 41
6550 68 24
6552 71 75
6554 81 10
6559 53 40
6561 68 16
6567 57 30
6571 69 51
6574 53 31
6574 57 30
6577 90 35
6578 95 34
6578 99 23
6579 52 40
6579 65 32
6579 85 11
6580 76 14
6581 41 30
6581 57 55
6583 84 9
6606 65 17
6615 71 30
6618 52 29
6623 72 36
6623 88 34
6623 93 29
6624 69 60
6625 65 22
6626 43 46
6627 72 40
6628 45 29
6628 52 31
6631 65 13
6631 97 9
6632 57 36
6632 60 34
6635 60 43
6637 69 23
6638 88 17
6639 52 28
6640 65 10
6641 57 30
6641 71 39
6648 52 28
6650 57 31
6659 57 33
6661 69 28
6666 52 29
6668 57 34
6668 64 48
6668 67 66
6668 84 14
6668 86 41
6668 95 20
6669 77 37
6669 91 24
6670 88 10
6671 43 41
6671 65 60
6672 71 35
6673 67 56
6674 46 23
6680 67 67
6686 52 26
6686 65 41
6686 69 38
6691 95 22
6692 43 34
6693 71 22
6697 46 17
6698 71 25
6706 53 27
6707 71 27
6712 71 26
6714 47 42
6720 47 30
6722 49 29
6726 48 31
6727 72 29
6730 72 31
6733 69 39
6737 69 60
6739 48 30
6748 48 15
6753 48 29
6759 86 18
6760 52 37
6762 42 29
6762 64 40
6764 83 19
6767 52 42
6773 71 24
6774 52 37
6779 60 13
6780 71 21
6782 52 38
6787 67 25
6789 71 16
6790 86 13
6793 52 35
6796 71 23
6802 52 30
6803 86 11
6804 93 31
6805 55 43
6805 64 35
6805 74 27
6805 79 14
6805 88 35
6807 43 30
6809 60 22
6809 83 16
6811 55 35
6813 71 21
6814 52 33
6816 67 31
6820 55 29
6822 52 32
6826 69 29
6828 67 24
6830 69 18
6837 69 25
6842 52 29
6844 71 9
6849 86 44
6850 67 66
6850 72 39
6850 95 20
6851 60 47
6852 43 36
6852 74 19
6856 88 12
6858 69 32
6861 52 27
6863 88 10
6865 52 31
6872 88 10
6872 95 23
6874 54 35
6876 42 40
6877 52 28
6886 52 28
6896 46 50
6898 45 49
6900 64 23
6906 64 25
6908 52 29
6910 45 51
6930 64 20
6935 52 26
6936 64 27
6936 69 38
6938 45 47
6940 93 29
6941 88 36
6942 69 59
6943 44 48
6943 67 38
6944 64 22
6944 73 27
6947 46 48
6947 79 9
6950 67 39
6951 46 44
6954 60 44
6956 61 40
6960 60 42
6961 46 38
6966 60 42
6966 69 34
6966 73 18
6969 67 36
6971 46 36
6972 60 40
6973 45 33
6975 61 31
6975 69 35
6977 67 35
6978 46 35
6979 69 29
6980 79 9
6981 61 31
6983 45 33
6983 69 35
6985 51 32
6985 60 36
6985 68 49
6985 86 43
6986 73 12
6986 95 22
6987 44 43
6987 52 44
6987 61 33
6987 67 59
6988 69 34
6990 61 39
6990 83 16
6991 64 56
6992 69 39
6995 71 25
6997 61 32
6999 52 39
7000 46 30
7002 52 38
7002 61 32
7008 52 39
7008 61 28
7015 86 13
7020 52 38
7021 71 21
7031 73 23
7031 84 40
7031 89 36
7031 93 35
7032 65 77
7032 99 11
7033 69 28
7034 57 56
7034 71 19
7041 52 37
7053 64 49
7055 65 67
7055 99 10
7066 51 33
7068 52 31
7069 57 43
7077 45 51
7079 64 43
7081 73 11
7082 45 52
7083 65 58
7084 79 9
7121 83 29
7122 88 31
7122 92 27
7122 98 13
7123 64 76
7123 73 25
7126 46 45
7129 46 48
7131 69 30
7136 46 38
7137 68 32
7138 44 38
7139 69 32
7140 57 15
7141 44 35
7142 68 30
7143 46 39
7145 68 32
7146 46 39
7149 73 15
7153 69 30
7156 46 34
7156 68 29
7158 45 34
7164 51 31
7164 68 26
7166 45 51
7167 54 29
7167 66 66
7167 71 27
7167 73 20
7167 84 35
7167 89 35
7168 68 33
7168 77 62
7168 86 17
7168 93 26
7168 99 12
7169 65 78
7170 43 55
7172 80 12
7175 53 29
7179 68 23
7183 68 21
7187 52 31
7189 46 30
7191 44 29
7191 51 30
7193 52 30
7196 46 30
7211 68 32
7212 73 20
7212 86 41
7213 67 61
7213 91 24
7214 61 33
7215 71 22
7216 57 54
7216 65 63
7222 65 57
7222 67 52
7225 65 58
7227 67 51
7230 65 55
7233 67 45
7236 64 52
7238 67 45
7242 64 42
7242 67 65
7245 64 51
7246 52 22
7252 52 23
7254 64 44
7258 86 44
7258 95 16
7259 43 37
7259 64 47
7259 74 21
7261 57 38
7262 43 36
7263 62 48
7264 51 32
7270 50 41
7270 62 46
7273 49 33
7275 51 33
7275 62 43
7276 44 18
7280 77 64
7280 84 34
7281 65 79
7281 93 26
7281 99 12
7282 44 46
7285 52 42
7286 57 40
7292 50 32
7298 44 10
7298 62 39
7303 83 30
7303 88 31
7304 44 37
7304 63 68
7304 87 19
7304 92 26
7304 98 15
7305 64 79
7305 84 33
7306 43 42
7307 72 25
7308 81 11
7309 53 46
7314 64 72
7319 53 36
7321 52 41
7322 77 44
7323 81 9
7324 65 66
7325 64 61
7325 86 50
7326 73 29
7326 90 42
7327 43 50
7327 54 38
7327 74 56
7327 81 36
7328 64 71
7329 53 34
7330 65 59
7330 72 21
7331 61 66
7332 53 41
7332 62 72
7333 65 65
7334 45 29
7337 62 70
7338 52 41
7338 65 65
7339 72 11
7340 53 33
7340 63 65
7340 66 53
7342 64 67
7346 72 17
7347 64 67
7348 52 37
7351 43 34
7351 64 68
7352 57 52
7352 72 12
7356 64 64
7359 62 60
7362 62 61
7365 72 12
7366 64 58
7367 62 61
7371 64 57
7372 62 57
7375 62 59
7379 62 59
7382 65 39
7387 53 26
7392 62 55
7394 64 46
7396 62 48
7396 65 38
7396 81 20
7396 90 11
7400 64 49
7403 64 46
7406 52 30
7408 64 50
7416 52 29
7431 64 41
7434 62 34
7436 64 36
7439 90 13
7441 43 53
7441 64 35
7442 57 32
7443 67 28
7444 74 36
7446 57 34
7447 64 34
7451 64 35
7452 56 31
7452 67 24
7454 57 30
7457 56 33
7459 64 31
7462 57 24
7464 64 35
7465 54 30
7470 64 35
7481 67 18
7484 64 30
7485 71 25
7486 59 33
7489 64 34
7492 47 51
7501 46 56
7505 46 54
7506 59 19
7508 46 53
7508 64 22
7512 46 53
7514 47 49
7519 46 53
7519 59 17
7523 46 51
7525 47 49
7530 69 36
7532 48 51
7532 62 44
7532 78 16
7534 47 52
7537 46 49
7539 48 36
7542 49 50
7546 48 46
7548 46 46
7552 46 44
7554 48 45
7556 46 42
7566 47 43
7572 47 44
7575 48 39
7575 54 29
7575 67 64
7575 86 44
7576 91 22
7576 95 18
7578 49 38
7579 55 34
7581 46 40
7583 48 36
7583 55 29
7590 48 33
7590 62 21
7591 55 24
7592 46 34
7597 47 36
7601 55 17
7605 47 37
7610 47 36
7615 48 31
7617 47 35
7619 48 32
7620 86 41
7621 95 17
7622 62 33
7622 78 19
7625 62 40
7626 49 44
7630 49 43
7632 50 40
7634 49 44
7638 49 39
7643 84 34
7643 89 35
7644 65 77
7644 93 27
7644 99 11
7645 43 47
7645 74 18
7649 47 40
7652 51 30
7652 62 31
7654 49 37
7664 67 50
7666 83 33
7666 88 33
7667 52 53
7667 64 78
7667 87 20
7667 92 25
7667 98 13
7668 43 42
7668 74 21
7668 84 31
7669 67 45
7670 72 24
7672 53 43
7675 81 11
7677 67 45
7683 53 36
7688 52 39
7688 67 45
7688 86 50
7689 90 42
7690 64 68
7690 81 36
7691 74 55
7692 53 34
7692 77 42
7693 65 48
7694 46 39
7694 61 66
7695 62 71
7696 72 19
7698 53 37
7700 62 69
7702 72 16
7705 64 67
7710 64 66
7714 64 65
7715 43 31
7715 57 53
7717 64 64
7719 46 28
7722 62 59
7725 62 59
7735 62 56
7738 62 59
7757 65 46
7758 62 46
7758 81 20
7758 90 11
7761 65 48
7766 65 44
7773 65 41
7777 64 46
7786 65 42
7790 64 44
7795 64 43
7797 62 33
7799 65 37
7799 90 14
7804 43 53
7805 74 37
7806 57 30
7806 67 29
7809 57 33
7815 56 33
7815 67 29
7817 57 30
7825 57 24
7835 67 22
7837 64 38
7847 64 36
7848 71 25
7850 46 51
7852 59 28
7852 64 35
7856 46 54
7860 46 55
7864 46 56
7866 47 54
7869 59 19
7871 46 54
7871 64 26
7873 47 50
7875 46 54
7878 46 51
7882 46 53
7882 59 27
7884 47 49
7886 46 51
7889 46 51
7892 65 79
7893 84 34
7893 93 25
7894 99 12
7895 69 28
7900 46 54
7902 48 39
7902 62 44
7905 48 46
7907 62 41
7913 48 41
7915 46 44
7926 46 44
7929 47 44
7930 62 31
7938 48 38
7938 62 29
7940 46 48
7940 69 25
7941 55 44
7953 48 34
7955 46 37
7959 46 35
7960 83 33
7961 88 33
7961 92 26
7962 64 78
7962 98 11
7963 53 29
7963 74 26
7965 69 16
7968 47 44
7973 47 35
7980 46 40
7980 55 11
7983 48 32
7983 58 35
7983 86 50
7983 90 42
7984 74 51
7984 81 37
7985 96 14
7986 79 13
7987 63 68
7988 62 73
7988 72 16
7992 72 17
7993 47 43
7995 63 71
7996 62 70
8000 62 69
8004 62 63
8006 47 33
8008 48 40
8009 62 64
8010 47 40
8012 48 33
8017 62 62
8021 47 37
8021 66 41
8026 48 30
8026 62 60
8030 52 45
8030 62 59
8031 71 26
8033 46 37
8037 62 58
8038 52 32
8041 52 37
8046 52 31
8050 47 33
8050 52 49
8052 72 59
8052 79 24
8053 83 23
8054 60 58
8054 94 23
8055 43 44
8055 65 35
8056 88 27
8057 67 16
8058 51 32
8060 60 56
8063 60 55
8065 52 33
8066 60 59
8071 86 23
8072 65 37
8074 47 34
8076 54 40
8076 74 33
8079 83 17
8083 60 64
8090 52 32
8090 65 30
8090 83 11
8092 67 22
8094 65 27
8097 67 19
8099 47 30
8101 67 18
8105 67 14
8107 52 29
8110 53 30
8110 64 29
8110 67 14
8113 47 23
8114 67 19
8116 52 31
8121 67 16
8123 74 18
8128 64 29
8131 52 23
8137 52 30
8138 79 12
8142 52 26
8148 52 27
8158 52 26
8168 67 16
8171 64 14
8173 48 34
8191 52 25
8192 67 13
8224 48 25
8231 52 21
8242 52 19
8258 52 15
8265 48 18
8269 52 17
8283 52 11
8296 52 13
8307 52 11
8313 48 13
8319 52 10
