768 55 84
1024 55 96
1280 64 89
1536 62 90
1792 60 93
2048 55 96
2816 55 102
3072 55 99
3328 64 90
3584 62 88
3840 60 94
4096 57 102
4864 57 96
5120 57 97
5376 65 94
5632 64 95
5888 62 91
6144 59 99
7168 67 110
7168 59 101
7424 67 101
7680 65 91
7936 62 90
8192 64 103
8192 60 99
8960 55 91
9216 55 89
9472 64 90
9728 62 90
9984 60 87
10240 55 99
11008 55 97
11264 55 98
11520 64 90
11776 62 89
12032 60 89
12288 57 101
13056 57 97
13312 57 100
13568 65 88
13824 64 94
14080 62 88
14336 67 111
14336 59 101
14592 67 104
14848 67 99
15104 67 101
15360 69 111
15360 59 103
15616 67 100
15872 65 101
16128 62 91
16384 60 113
16896 67 107
17408 64 104
17408 60 103
17664 64 112
17920 64 109
17920 55 106
18432 64 114
18432 60 127
18688 64 115
18944 64 114
18944 55 114
19456 64 114
19456 60 127
19712 67 121
19968 60 96
19968 55 110
20224 62 115
20480 64 115
20480 60 127
20992 55 104
21504 65 117
21504 59 121
21760 65 111
22016 65 111
22016 55 106
22272 65 113
22528 65 115
22528 60 120
22784 64 106
23040 64 116
23040 55 109
23296 64 118
23552 64 118
23552 54 109
23808 62 112
24064 62 111
24320 64 119
24576 62 108
24576 55 117
25088 67 127
25600 64 109
25600 60 127
25856 64 108
26112 64 112
26112 55 110
26624 64 111
26624 60 127
26880 64 113
27136 64 108
27136 55 110
27648 64 115
27648 60 127
27904 67 126
28160 60 92
28160 55 109
28416 62 119
28672 64 122
28672 60 126
29184 55 108
29696 65 118
29696 59 119
29952 65 115
30208 65 110
30208 55 110
30464 65 112
30720 65 107
30720 60 127
30976 64 103
31232 64 112
31232 55 107
31488 64 111
31744 67 122
31744 55 118
32000 67 113
32000 55 113
32256 65 111
32256 57 115
32512 62 99
32512 59 117
32768 60 103
32768 60 117
