0 47 58
0 60 73
0 67 43
1 88 31
2 48 59
48 88 28
50 94 10
95 86 38
95 95 24
97 67 47
141 67 43
141 95 21
143 68 42
145 67 42
148 48 32
172 67 14
187 69 62
188 52 42
188 88 23
189 65 37
189 87 18
190 53 47
235 88 22
282 47 58
282 60 23
282 66 43
282 86 40
282 95 21
284 48 59
285 67 49
375 68 37
375 89 33
376 49 61
376 65 75
376 81 14
376 84 25
377 69 41
377 74 27
378 50 60
387 84 17
391 84 17
396 84 17
400 84 21
422 84 20
422 89 31
430 84 13
439 84 12
444 84 10
458 84 10
469 64 68
470 47 57
470 56 19
471 60 17
471 95 11
472 48 59
472 67 41
473 72 17
489 67 37
516 64 66
517 73 12
518 98 10
526 67 26
562 61 56
563 74 57
563 81 22
563 90 43
564 62 61
564 69 39
564 84 15
564 96 19
565 50 62
609 61 47
609 74 57
609 90 42
610 96 16
614 50 42
656 60 69
656 67 44
657 47 60
657 88 31
659 48 59
663 94 9
750 66 42
751 47 60
751 60 27
751 86 40
751 95 22
753 48 58
754 67 49
797 65 30
797 68 41
798 79 17
798 86 41
798 95 23
800 67 51
844 65 70
844 89 32
845 84 16
845 87 17
846 53 49
846 72 10
847 81 10
891 89 34
892 65 73
892 84 20
937 49 49
938 64 67
939 67 41
940 48 58
940 95 11
941 83 10
944 67 41
986 95 13
988 83 10
991 67 30
1031 90 43
1032 74 56
1032 81 21
1032 96 18
1033 50 63
1033 69 40
1033 84 13
1125 66 42
1126 47 58
1126 60 25
1126 86 40
1126 95 22
1128 48 57
1128 67 48
1131 48 60
1172 65 30
1172 68 39
1173 79 19
1173 86 38
1173 95 23
1175 67 54
1213 67 23
1219 65 71
1219 89 32
1220 84 18
1220 87 16
1221 53 49
1222 81 10
1266 84 21
1266 89 32
1267 65 72
1313 64 67
1314 67 41
1315 60 20
1315 95 11
1316 48 58
1360 64 68
1361 67 31
1362 98 9
1363 83 11
1406 61 59
1406 90 43
1407 74 57
1407 81 23
1407 96 18
1408 50 63
1408 69 39
1408 84 15
1500 60 72
1500 67 43
1501 47 59
1501 88 30
1503 48 59
1508 94 9
1548 88 29
1550 94 12
1595 79 10
1595 86 38
1595 95 23
1597 67 49
1641 67 44
1641 72 19
1641 86 37
1642 95 21
1643 68 42
1645 67 41
1648 48 33
1687 69 62
1688 52 42
1688 65 38
1688 88 23
1689 87 17
1690 53 48
1735 88 20
1782 47 59
1782 60 23
1782 66 43
1782 86 40
1782 95 22
1784 48 58
1785 67 48
1836 86 13
1875 68 37
1875 89 34
1876 49 62
1876 65 78
1876 81 15
1876 84 24
1877 69 40
1877 74 28
1878 50 60
1879 58 9
1891 84 12
1895 84 14
1923 84 21
1940 84 15
1969 47 57
1969 64 66
1969 88 24
1971 60 22
1971 95 11
1972 48 60
1972 67 41
1972 83 9
2017 64 66
2018 67 31
2018 95 12
2023 67 32
2063 74 58
2063 81 23
2063 90 43
2064 50 63
2064 69 40
2064 84 14
2064 96 18
2068 50 58
2109 61 46
2109 90 42
2111 96 16
2114 50 42
2156 60 69
2156 67 42
2157 47 59
2157 88 30
2159 48 59
2163 94 9
2543 74 15
2574 74 19
2636 77 22
2637 65 18
2668 74 15
2699 74 10
2699 77 18
2730 81 14
2762 77 12
2793 60 14
2793 84 17
2824 65 18
2825 81 11
2856 60 11
2887 81 12
2918 60 13
2949 65 19
2981 60 13
3075 60 10
3122 81 11
3138 64 10
3168 77 19
3199 60 14
3231 77 19
3263 45 20
3267 76 9
3293 74 16
3324 73 19
3387 81 10
3449 85 18
