0 63 58
0 67 50
0 74 86
2 82 39
2 89 27
3 58 43
3 62 55
3 71 32
3 77 11
3 98 16
7 58 51
16 81 9
21 81 12
29 62 41
29 81 10
40 62 40
54 62 27
54 77 18
55 93 28
60 62 24
65 62 22
70 62 20
75 62 20
79 62 18
85 62 16
90 62 14
91 82 44
95 62 13
100 62 10
145 67 34
146 71 32
146 89 26
146 98 18
147 74 21
148 58 25
148 70 41
152 44 17
188 67 75
189 91 30
190 86 30
190 95 12
221 53 46
221 68 63
221 73 40
221 87 38
222 63 53
222 75 89
222 77 17
222 84 37
223 72 46
223 102 10
224 60 44
225 44 38
227 45 36
228 91 12
229 44 30
236 53 43
241 63 45
243 60 30
247 65 43
250 60 24
262 60 16
271 84 16
274 81 17
275 94 15
278 45 24
281 44 18
298 60 9
410 75 10
411 68 55
412 87 27
437 66 65
437 74 62
437 77 28
437 89 32
437 94 36
437 98 16
438 62 60
438 65 68
438 70 54
439 55 35
440 44 32
441 81 19
443 58 46
443 67 47
446 81 17
450 44 16
452 55 39
452 62 49
455 62 51
460 62 48
463 62 46
466 62 48
469 62 50
472 81 15
480 81 13
483 62 41
485 81 10
486 55 29
486 62 40
491 58 38
493 77 75
494 62 36
495 81 15
496 96 12
562 67 22
564 65 20
566 67 20
620 75 80
623 77 71
625 45 13
635 67 14
653 79 77
654 82 51
654 98 21
655 41 35
655 68 55
655 72 42
656 63 53
658 45 42
658 60 41
663 53 42
663 60 33
664 65 46
666 53 42
667 63 50
669 53 48
675 81 9
676 63 46
682 60 25
687 60 20
692 60 19
698 84 22
699 60 26
708 82 24
708 84 17
709 75 47
709 77 74
710 79 31
719 75 16
722 79 18
725 60 11
728 75 13
730 60 14
737 75 11
765 75 88
769 77 39
771 44 16
775 94 10
782 68 9
845 67 79
845 91 41
846 86 37
846 95 25
847 75 11
875 75 41
875 89 43
876 66 43
876 69 33
876 77 31
876 82 48
876 94 51
877 54 38
877 62 62
877 71 38
877 74 91
877 79 18
878 67 63
879 55 47
879 70 43
882 58 49
888 81 20
893 58 48
895 55 40
896 81 19
911 58 43
913 55 38
918 58 42
922 55 34
927 58 44
927 81 21
931 77 21
931 93 39
933 102 9
934 58 38
940 81 9
947 62 26
962 62 20
967 62 16
972 62 15
1012 82 43
1012 89 32
1012 98 18
1013 62 14
1014 70 47
1014 74 41
1015 58 29
1016 45 23
1019 44 18
1055 91 38
1055 95 24
1056 67 78
1057 70 29
1093 82 13
1094 72 30
1094 77 21
1094 80 38
1094 87 39
1094 96 9
1095 53 41
1095 63 49
1095 68 75
1095 84 38
1096 60 39
1096 88 14
1099 45 38
1101 53 41
1101 60 37
1104 53 37
1104 56 33
1107 63 47
1109 53 46
1109 56 31
1116 63 44
1123 63 39
1127 60 13
1128 84 24
1138 84 15
1149 76 67
1149 81 16
1150 75 93
1150 94 17
1152 63 32
1153 45 26
1156 44 25
1158 72 14
1159 60 11
1170 60 10
1281 75 17
1287 68 63
1288 87 39
1295 53 14
1315 57 42
1315 62 59
1315 65 62
1315 74 59
1315 82 47
1315 89 46
1315 94 53
1315 98 35
1316 70 60
1317 44 41
1317 68 50
1321 58 48
1326 44 29
1333 81 17
1344 62 45
1363 62 36
1366 62 32
1371 77 80
1372 96 23
1406 62 14
1417 62 11
1494 77 19
1498 75 82
1499 67 14
1499 77 81
1501 58 20
1505 44 10
1515 82 32
1516 96 23
1518 58 9
1526 44 16
1537 67 69
1537 79 74
1537 84 39
1537 86 27
1538 60 41
1538 74 53
1538 82 48
1538 88 19
1539 44 42
1539 63 55
1540 75 57
1541 60 39
1542 45 40
1542 56 35
1548 60 33
1551 60 31
1552 68 66
1556 68 66
1558 77 19
1561 67 50
1562 68 60
1565 60 25
1565 67 49
1567 68 60
1576 77 32
1578 68 55
1591 92 49
1591 99 25
1592 74 32
1592 80 79
1592 82 46
1598 44 22
1628 79 19
1642 68 30
1658 67 20
1753 68 31
1753 82 85
1754 75 45
1755 58 50
1755 65 69
1755 84 11
1756 44 34
1756 62 55
1756 74 57
1769 62 48
1772 58 46
1772 62 51
1779 81 15
1780 62 47
1783 62 48
1786 62 48
1789 62 48
1797 81 12
1800 62 42
1803 62 40
1807 81 33
1808 62 37
1811 62 38
1811 91 40
1812 79 71
1815 45 31
1817 58 39
1854 62 16
1865 62 14
1868 67 26
1869 75 92
1870 62 27
1870 94 17
1874 58 32
1874 67 24
1875 44 24
1977 64 40
1978 55 40
1978 74 91
1978 81 22
1978 93 38
1979 63 52
1979 66 37
1979 69 39
1979 85 24
1980 54 36
1980 60 44
1985 54 31
1989 82 9
1992 57 33
1996 57 37
1998 82 10
2015 57 26
2019 54 22
2029 54 18
2033 54 14
2038 54 15
2052 57 13
2064 57 12
2202 68 53
2202 75 55
2202 84 25
2203 63 53
2203 82 14
2204 53 48
2204 72 26
2206 60 48
2213 53 43
2218 53 45
2232 60 28
2239 60 21
2242 84 50
2244 63 35
2247 73 61
2249 72 71
2251 91 19
2261 60 18
2276 63 26
2339 74 90
2339 93 37
2376 75 87
2378 68 16
2380 63 17
2381 45 20
2384 44 18
2416 77 81
2416 81 25
2417 53 31
2417 62 55
2417 68 48
2417 72 32
2417 82 25
2418 70 36
2419 65 43
2420 53 42
2421 45 21
2421 54 47
2423 53 45
2423 58 40
2426 53 40
2426 58 39
2427 81 19
2429 58 45
2431 53 37
2434 53 43
2439 58 41
2439 81 19
2451 81 18
2462 81 17
2474 81 14
2487 81 10
2504 62 15
2635 82 84
2636 62 54
2636 66 59
2637 77 15
2638 65 72
2638 70 22
2639 55 39
2641 62 48
2642 45 34
2642 58 41
2644 44 29
2646 62 50
2648 55 40
2648 58 42
2653 58 42
2657 55 33
2662 58 38
2663 81 10
2669 58 38
2669 62 45
2676 81 40
2687 58 37
2691 91 45
2692 75 41
2692 79 74
2692 98 19
2694 44 30
2694 58 36
2694 62 39
2696 45 33
2747 75 92
2747 82 15
2748 94 17
2751 45 27
2754 44 23
2768 79 13
2854 63 59
2854 68 30
2854 74 89
2854 83 19
2854 93 41
2856 62 54
2856 67 38
2856 70 24
2856 102 10
2858 55 32
2858 58 48
2861 76 21
2862 44 11
2865 81 11
2868 76 12
2874 76 15
2881 76 11
2953 62 15
2958 62 13
2963 62 13
2970 74 33
3076 69 45
3077 63 55
3077 72 73
3077 75 59
3077 82 18
3078 53 45
3078 60 43
3078 68 56
3078 88 20
3079 44 34
3080 79 20
3083 45 29
3085 53 46
3088 53 42
3091 60 30
3093 53 46
3094 60 28
3101 60 23
3112 74 20
3119 63 36
3126 63 35
3128 91 21
3130 63 35
3135 63 32
3142 63 29
3218 86 39
3219 74 92
3219 93 39
3221 102 9
3265 68 20
3266 65 18
3266 87 19
3266 94 17
3267 75 90
3269 45 26
3271 53 15
3272 44 21
3300 61 54
3300 74 89
3300 81 14
3300 93 37
3301 53 46
3302 58 49
3302 62 55
3302 68 47
3302 84 11
3307 45 27
3313 53 39
3318 53 44
3356 73 63
3356 84 49
3358 72 71
3358 91 16
3374 62 18
3374 74 24
3382 62 16
3385 74 25
3389 74 24
3509 57 32
3509 71 38
3509 82 59
3509 89 45
3509 98 35
3510 67 45
3510 77 13
3511 51 55
3511 58 53
3511 81 17
3511 85 28
3512 40 53
3513 73 16
3515 67 27
3516 39 59
3522 39 60
3570 74 93
3570 77 30
3571 93 40
3572 102 10
3575 67 13
3578 39 46
3578 79 13
3586 39 38
3590 67 73
3629 40 42
3629 62 70
3629 77 25
3629 81 22
3629 92 20
3633 58 57
3644 39 27
3660 89 48
3661 98 37
3662 71 44
3663 77 17
3665 45 33
3676 39 20
3696 91 22
3701 51 14
3711 55 23
3713 58 21
3715 55 20
3716 51 11
3724 58 36
3728 62 36
3729 68 66
3730 60 40
3730 87 42
3730 88 28
3731 52 51
3731 102 11
3732 41 47
3732 75 20
3732 83 23
3733 53 59
3735 42 47
3738 40 46
3740 41 47
3751 60 31
3768 87 34
3772 60 26
3786 75 91
3788 94 20
3790 68 22
3791 60 13
3796 60 16
3797 41 43
3800 41 39
3800 80 9
3809 68 16
3813 68 15
3817 68 16
3821 68 16
3835 68 16
3841 72 58
3842 77 23
3842 80 43
3842 82 26
3842 88 35
3843 55 34
3843 60 54
3843 63 59
3843 68 63
3843 75 62
3843 90 21
3843 91 22
3844 79 30
3846 40 41
3846 53 36
3849 53 41
3849 56 40
3851 91 18
3852 41 44
3852 56 39
3855 56 44
3858 91 12
3860 41 35
3865 53 45
3874 60 33
3877 65 45
3880 63 47
3881 60 29
3885 88 10
3888 75 15
3889 63 41
3895 63 35
3898 63 42
3907 60 13
3907 63 37
3915 84 11
3917 60 11
3925 77 11
3925 84 12
3925 87 42
3926 68 60
3926 102 11
3928 42 33
3932 60 9
3933 42 30
3937 41 28
3957 42 45
3957 77 81
3957 94 53
3957 98 37
3958 55 42
3958 62 54
3958 82 51
3958 85 17
3959 70 53
3960 43 53
3960 90 12
3968 43 51
3970 67 31
3972 87 16
3974 42 42
3974 55 30
3976 43 34
3977 67 26
3978 55 34
3981 42 16
3997 42 23
4010 75 46
4010 96 23
4012 67 43
4013 44 34
4017 81 10
4038 82 25
4065 61 49
4065 70 46
4066 43 29
4066 66 73
4067 58 49
4067 62 59
4067 74 59
4067 81 18
4067 84 18
4067 92 19
4068 44 40
4068 65 77
4070 62 56
4070 83 9
4073 62 54
4138 75 79
4138 77 78
4154 62 34
4154 81 19
4154 96 21
4155 82 51
4157 45 24
4171 86 17
4171 91 53
4171 98 33
4172 74 50
4172 79 79
4173 40 41
4173 72 21
4173 83 25
4173 88 24
4174 75 35
4174 81 27
4175 44 51
4175 53 58
4176 60 32
4179 60 38
4180 42 44
4182 40 38
4184 41 45
4188 75 23
4191 89 11
4192 41 46
4195 75 19
4198 83 10
4204 75 21
4211 75 14
4212 77 80
4223 74 47
4224 68 18
4224 82 23
4225 96 22
4227 60 19
4230 42 40
4234 41 45
4240 75 11
4263 79 18
4275 63 51
4275 75 91
4276 52 47
4276 66 40
4276 72 57
4276 77 45
4276 81 33
4276 88 30
4277 68 48
4277 79 34
4277 94 24
4278 53 55
4278 60 50
4281 44 50
4284 44 45
4290 63 50
4294 41 35
4304 40 32
4306 60 31
4308 41 31
4311 41 32
4311 91 9
4315 60 24
4320 60 19
4320 88 12
4329 60 24
4329 79 11
4333 67 79
4333 91 40
4333 95 25
4335 86 38
4336 42 33
4346 41 28
4353 60 10
4355 41 26
4358 84 9
4373 72 27
4375 75 10
4388 59 31
4388 77 19
4388 89 41
4388 94 49
4389 41 48
4389 81 23
4389 82 54
4389 85 27
4390 58 54
4390 70 54
4391 39 59
4391 73 24
4394 81 15
4396 86 13
4398 39 62
4399 81 14
4403 81 15
4407 86 14
4408 81 16
4418 81 16
4418 86 12
4428 86 40
4445 74 91
4445 93 39
4447 102 9
4451 39 49
4454 39 48
4455 67 31
4459 39 44
4474 67 25
4493 67 66
4503 77 37
4503 89 38
4503 92 41
4504 58 53
4505 51 42
4505 55 54
4505 62 70
4505 95 13
4506 83 30
4506 93 12
4508 45 43
4510 58 57
4511 41 45
4513 81 29
4514 40 38
4517 55 50
4522 39 29
4523 55 47
4523 58 43
4524 81 26
4529 70 16
4532 55 46
4533 89 40
4534 58 41
4539 58 47
4540 70 55
4543 45 30
4543 58 47
4548 58 53
4559 62 41
4562 39 17
4564 62 34
4569 62 33
4574 62 35
4577 91 41
4577 95 26
4578 67 78
4578 92 9
4579 62 29
4584 62 28
4589 62 24
4594 62 25
4599 62 22
4604 62 21
4610 62 11
4614 53 51
4614 72 15
4614 75 20
4614 80 40
4614 87 40
4615 41 41
4615 68 68
4615 102 9
4618 41 43
4618 68 66
4620 58 29
4621 60 29
4623 40 37
4625 41 40
4629 68 63
4631 60 23
4640 68 57
4651 68 48
4655 68 46
4658 87 19
4659 92 10
4660 67 30
4661 68 38
4665 68 33
4667 67 36
4667 70 17
4667 75 92
4667 83 22
4668 94 18
4673 42 37
4680 40 30
4682 41 33
4687 58 13
4696 58 11
4703 67 22
4705 58 11
4709 68 25
4724 69 35
4725 71 30
4725 80 24
4725 82 27
4725 84 50
4725 91 33
4726 60 53
4726 63 63
4726 68 59
4726 77 81
4726 88 34
4727 53 40
4727 79 30
4732 53 45
4733 60 48
4739 53 37
4742 53 33
4743 41 28
4744 91 16
4745 53 47
4745 60 39
4749 91 15
4750 40 29
4752 60 33
4755 91 14
4757 41 25
4759 60 28
4760 63 50
4760 91 10
4763 41 27
4770 63 45
4774 79 14
4776 63 37
4779 63 45
4806 63 37
4806 87 35
4819 41 26
4833 56 31
4833 94 51
4833 98 36
4834 62 55
4834 71 42
4834 82 49
4834 85 16
4835 55 45
4836 70 53
4837 65 35
4837 90 10
4838 44 58
4839 55 40
4840 43 55
4842 87 12
4843 54 39
4844 68 32
4848 68 32
4851 68 33
4852 42 36
4855 68 34
4856 43 16
4859 42 11
4871 55 31
4874 42 17
4884 81 12
4889 83 25
4889 96 22
4890 67 42
4892 55 29
4892 81 10
4897 44 25
4931 77 18
4945 77 49
4946 65 77
4947 41 29
4947 74 68
4947 96 13
4948 55 41
4948 70 42
4948 84 19
4949 44 30
4949 92 16
4950 62 58
4950 81 18
4952 58 49
4953 62 53
4954 41 32
4955 81 21
5029 75 76
5044 96 9
5056 57 40
5056 62 31
5056 74 48
5056 79 77
5056 98 25
5057 68 30
5057 82 50
5057 88 16
5058 75 35
5059 56 41
5060 44 50
5061 63 27
5062 56 54
5067 44 34
5067 63 20
5071 63 14
5076 45 21
5076 63 18
5081 63 24
5082 44 22
5087 77 17
5093 56 32
5093 77 17
5103 77 36
5106 56 22
5107 80 84
5108 99 28
5109 58 29
5109 74 34
5109 82 51
5115 44 25
5115 63 59
5153 79 30
5163 75 63
5163 77 20
5164 84 35
5165 67 71
5165 82 24
5165 88 27
5166 60 51
5168 45 29
5168 86 14
5171 56 34
5171 60 45
5181 80 32
5182 56 27
5183 68 60
5190 60 36
5193 91 11
5194 68 54
5197 60 32
5201 56 11
5202 60 28
5219 77 14
5228 68 47
5239 68 42
5240 60 10
5241 79 66
5242 74 37
5243 56 20
5243 82 36
5244 77 16
5247 45 27
5254 68 39
5257 81 54
5258 74 36
5258 92 42
5259 80 80
5259 82 48
5259 99 14
5262 45 21
5265 68 28
5269 68 25
5273 68 22
5279 82 83
5280 77 27
5281 42 40
5282 62 52
5282 67 25
5283 55 36
5284 43 51
5296 80 44
5314 43 15
5327 79 71
5328 98 14
5330 77 24
5331 46 31
5331 55 31
5336 77 19
5337 55 22
5350 77 10
5350 82 11
5382 54 29
5382 65 68
5383 70 38
5383 75 85
5384 44 28
5384 62 54
5385 58 47
5385 81 15
5387 45 26
5387 62 47
5389 86 13
5390 62 45
5393 79 14
5399 86 17
5410 86 16
5420 79 13
5423 86 11
5439 74 31
5441 75 34
5456 74 23
5458 75 27
5466 74 19
5470 74 17
5473 75 18
5495 61 37
5495 74 88
5495 93 29
5496 41 47
5496 58 29
5497 65 33
5498 42 55
5499 82 13
5500 66 37
5607 63 60
5607 72 46
5607 81 24
5607 85 29
5607 88 25
5608 54 44
5608 66 47
5608 69 46
5608 75 62
5608 79 20
5608 82 31
5609 60 48
5612 42 37
5614 43 30
5616 41 29
5616 60 41
5618 73 38
5621 60 38
5624 60 40
5625 57 37
5627 42 26
5627 73 31
5633 57 33
5633 60 32
5633 85 17
5633 88 10
5638 42 28
5640 72 30
5642 58 28
5643 85 13
5645 57 31
5646 82 19
5649 42 18
5653 85 12
5654 74 26
5656 82 15
5661 73 24
5663 54 21
5665 73 25
5675 74 22
5683 74 27
5711 65 32
5712 53 55
5712 60 32
5712 88 14
5713 41 46
5714 83 9
5716 74 20
5720 74 22
5767 67 31
5767 77 18
5767 84 46
5768 72 68
5773 40 38
5773 91 11
5776 42 32
5777 60 9
5780 41 37
5810 74 9
5824 64 46
5824 69 44
5824 74 36
5825 53 56
5825 77 31
5825 79 22
5825 88 28
5826 60 50
5826 63 54
5826 68 50
5826 75 58
5827 82 16
5828 41 32
5834 41 33
5835 60 43
5838 42 31
5840 41 29
5854 60 32
5859 86 42
5859 93 40
5860 74 92
5861 102 10
5862 72 37
5864 41 26
5864 60 20
5869 41 29
5869 72 31
5873 84 14
5877 72 29
5880 60 13
5880 72 27
5884 72 25
5892 72 17
5899 75 91
5901 94 14
5907 94 16
5914 41 21
5933 77 80
5934 58 51
5934 74 51
5935 46 48
5935 96 22
5936 75 55
5937 53 32
5940 46 50
5940 68 10
5942 74 28
5946 53 20
5955 75 26
5963 74 27
5970 46 24
5970 75 25
5976 46 24
5978 74 20
5982 46 22
5992 46 20
5996 46 22
5998 74 13
6005 46 21
6017 74 9
6027 46 16
6040 46 17
6043 74 61
6044 62 62
6044 68 59
6044 82 86
6044 84 39
6045 53 46
6045 70 40
6045 72 35
6045 81 26
6045 87 15
6045 90 11
6046 45 30
6047 58 43
6047 65 50
6049 87 17
6050 53 49
6050 58 52
6052 45 28
6052 72 20
6052 90 13
6053 53 50
6053 58 55
6054 81 22
6056 72 18
6059 90 9
6063 53 43
6064 72 16
6064 81 22
6065 90 12
6066 53 49
6070 46 13
6070 81 19
6072 72 12
6075 81 21
6079 72 15
6085 46 10
6085 84 22
6087 81 19
6096 84 15
6099 81 17
6109 62 56
6112 81 13
6154 53 46
6154 77 37
6154 79 12
6155 42 46
6155 90 13
6156 85 19
6156 88 11
6158 43 52
6159 67 24
6162 56 38
6163 67 23
6184 55 37
6188 81 13
6193 81 13
6198 43 12
6210 91 47
6211 79 75
6211 98 22
6214 67 31
6215 45 37
6221 55 48
6223 81 11
6265 75 90
6265 81 33
6265 83 22
6265 86 34
6265 90 13
6265 94 20
6266 66 69
6266 70 54
6266 92 20
6266 99 16
6267 62 61
6268 45 38
6268 65 73
6268 84 12
6268 89 22
6272 44 32
6272 58 52
6274 84 11
6275 91 10
6279 55 49
6279 58 48
6284 58 51
6286 62 52
6287 74 58
6288 55 43
6289 62 46
6293 58 48
6297 75 53
6299 74 53
6304 55 43
6304 58 45
6306 62 45
6313 55 40
6313 58 43
6314 74 44
6318 58 44
6322 55 36
6323 81 10
6327 58 42
6331 55 36
6336 75 31
6337 74 34
6338 58 41
6340 62 29
6347 55 33
6350 81 16
6354 74 23
6356 55 30
6356 75 20
6359 74 18
6363 75 17
6366 74 92
6374 78 22
6374 80 17
6374 83 25
6374 93 39
6375 48 43
6375 84 11
6375 89 10
6377 54 34
6378 37 36
6378 60 49
6381 48 44
6381 65 32
6383 36 42
6383 55 38
6385 65 31
6385 80 10
6389 65 27
6398 80 9
6400 76 23
6405 67 58
6413 76 17
6422 64 13
6423 76 16
6427 64 14
6430 76 16
6456 76 11
6484 58 54
6484 76 34
6484 80 17
6484 81 25
6484 89 25
6484 92 23
6485 62 65
6486 77 36
6486 83 29
6487 52 47
6488 58 56
6489 51 45
6493 52 40
6494 76 29
6494 81 22
6495 83 27
6498 77 27
6499 81 23
6504 83 28
6505 76 31
6509 52 39
6514 83 29
6515 58 51
6521 62 48
6524 83 24
6526 62 49
6530 62 43
6535 62 41
6535 76 16
6537 58 47
6540 58 46
6545 70 28
6546 58 45
6549 58 46
6550 62 33
6552 76 10
6554 64 31
6558 64 31
6560 86 19
6561 64 30
6561 83 18
6562 58 45
6565 58 43
6567 86 13
6571 55 31
6571 58 42
6573 70 19
6573 83 13
6574 58 43
6574 86 12
6579 64 26
6581 86 12
6582 57 34
6582 70 15
6584 58 40
6587 58 39
6587 83 10
6590 58 40
6593 74 25
6594 52 40
6594 88 23
6595 41 47
6595 60 47
6596 53 58
6596 75 25
6601 83 20
6602 74 23
6606 74 23
6647 83 13
6647 84 47
6648 72 69
6651 60 21
6655 91 12
6656 40 40
6660 41 37
6661 60 11
6663 67 14
6677 74 10
6681 74 14
6705 75 66
6705 88 36
6706 63 58
6706 77 22
6706 82 24
6706 91 21
6707 68 58
6707 79 31
6707 90 17
6708 60 50
6709 40 34
6714 40 33
6715 60 45
6717 42 29
6720 91 13
6721 41 30
6727 60 38
6734 60 30
6737 84 31
6740 86 42
6740 93 39
6741 60 29
6741 74 91
6747 63 40
6748 60 18
6748 84 26
6751 41 26
6753 60 16
6759 84 13
6760 60 18
6765 60 16
6772 60 12
6778 81 18
6779 75 89
6780 40 29
6780 94 18
6781 63 32
6781 72 19
6795 41 24
6814 86 30
6815 45 49
6815 58 54
6815 74 83
6815 93 22
6818 46 53
6825 53 19
6835 46 36
6843 53 11
6848 46 28
6867 46 25
6879 46 24
6892 46 17
6897 84 42
6898 53 23
6898 65 34
6898 72 66
6900 45 29
6900 58 19
6902 53 13
6905 74 24
6910 74 24
6914 74 66
6917 46 19
6924 52 39
6924 68 58
6925 82 49
6926 53 45
6926 62 62
6926 77 26
6926 87 12
6926 90 23
6927 70 38
6927 81 26
6928 58 45
6932 53 46
6932 58 49
6933 44 29
6934 90 17
6935 53 43
6940 53 41
6941 58 44
6941 90 17
6945 53 46
6948 58 38
6948 90 16
6951 58 39
6953 67 78
6953 91 38
6954 95 21
6955 87 9
6957 70 30
6958 58 40
6963 81 19
6965 45 19
6969 46 9
6971 68 63
6972 67 56
6974 68 63
6976 67 51
6977 72 18
6978 68 61
6981 46 9
6982 68 58
6987 67 40
6989 68 53
6991 67 44
6993 68 53
6998 67 64
6999 87 45
7000 68 65
7000 96 9
7000 102 12
7002 45 29
7006 44 19
7025 68 52
7032 68 49
7035 72 35
7035 89 43
7035 94 50
7035 98 34
7036 58 43
7036 79 28
7037 51 50
7037 70 54
7037 74 20
7039 87 18
7041 67 42
7046 39 57
7046 85 10
7049 39 49
7058 65 11
7063 67 30
7066 74 9
7081 67 23
7102 67 19
7122 67 15
7132 68 13
7142 63 60
7142 67 32
7144 74 70
7145 58 62
7145 77 27
7145 85 16
7145 87 9
7146 67 40
7146 92 18
7147 81 12
7150 40 29
7152 39 32
7155 62 45
7155 81 14
7158 39 23
7160 63 39
7164 62 46
7171 63 36
7174 62 38
7179 62 37
7181 39 15
7181 58 43
7183 55 43
7184 62 39
7185 58 37
7189 62 32
7190 55 39
7190 74 32
7194 58 29
7196 68 29
7200 39 10
7200 62 28
7204 39 9
7211 68 22
7214 58 30
7214 62 21
7219 63 24
7221 55 31
7221 58 34
7222 68 25
7226 68 24
7228 58 36
7235 58 36
7251 65 35
7251 88 27
7252 53 59
7252 72 15
7252 75 25
7253 60 39
7253 68 15
7254 41 50
7255 83 21
7256 75 21
7279 83 9
7280 75 12
7361 75 60
7362 60 50
7362 63 58
7362 69 38
7362 82 23
7362 84 57
7362 91 26
7363 77 30
7363 79 30
7363 88 35
7364 53 55
7364 68 63
7364 90 21
7368 41 35
7371 41 35
7373 53 51
7376 53 54
7380 41 33
7380 60 37
7387 60 33
7392 60 30
7393 91 41
7394 63 45
7394 67 80
7394 72 31
7394 95 25
7395 86 37
7396 80 48
7397 42 33
7399 40 31
7401 41 35
7401 60 19
7412 68 68
7413 67 64
7416 68 63
7417 67 51
7419 68 62
7421 67 50
7423 68 59
7425 79 15
7428 67 42
7429 68 54
7432 67 45
7434 68 54
7436 67 43
7438 68 53
7439 67 60
7440 87 41
7441 68 70
7441 102 11
7443 42 29
7447 42 32
7451 41 27
7456 68 63
7467 68 52
7472 67 35
7473 68 34
7475 43 37
7475 62 45
7475 82 51
7475 89 46
7475 94 53
7475 98 37
7476 71 49
7476 87 13
7477 56 36
7477 67 41
7478 70 54
7479 54 35
7480 42 47
7481 56 31
7483 43 49
7491 42 34
7491 55 27
7496 55 33
7499 42 16
7503 55 26
7506 42 12
7509 55 25
7522 42 14
7532 55 21
7540 55 20
7548 55 18
7586 65 77
7586 70 49
7586 74 92
7588 81 32
7588 90 16
7588 92 18
7589 44 33
7589 62 66
7589 84 13
7589 96 13
7590 83 16
7591 58 50
7599 55 38
7599 62 51
7604 58 46
7605 62 51
7617 93 36
7621 81 21
7624 55 30
7630 62 42
7638 58 38
7694 84 53
7695 41 37
7695 53 57
7695 67 46
7695 72 74
7695 91 19
7696 74 39
7696 88 9
7698 41 34
7699 74 36
7700 42 48
7700 58 33
7702 60 32
7703 40 39
7703 74 25
7707 41 40
7709 74 25
7710 60 19
7716 60 21
7719 74 18
7724 74 24
7732 74 14
7740 74 11
7808 68 58
7808 75 62
7808 84 38
7809 72 52
7809 77 25
7809 79 30
7809 88 33
7809 90 17
7809 94 15
7810 60 51
7810 63 56
7810 82 16
7814 44 37
7819 42 35
7819 60 45
7819 63 53
7824 41 26
7838 60 27
7843 60 26
7852 60 18
7853 75 20
7876 67 70
7876 91 23
7877 86 26
7878 80 10
7883 41 27
7883 60 12
7893 77 11
7893 80 48
7893 87 44
7894 68 69
7894 96 11
7895 102 10
7897 68 68
7908 41 16
7912 75 15
7913 82 38
7913 89 28
7914 39 39
7914 58 46
7914 79 23
7915 70 47
7917 52 49
7917 65 25
7919 51 46
7919 68 52
7920 39 51
7922 52 43
7925 67 44
7931 52 32
7932 68 36
7934 87 13
7935 68 31
7942 68 33
7947 67 24
7953 39 40
7958 67 20
7981 67 13
7997 67 14
8025 63 53
8025 67 59
8025 70 46
8025 77 29
8025 86 25
8026 74 62
8026 92 22
8027 62 73
8029 58 58
8030 81 28
8048 39 20
8057 39 15
8061 55 42
8064 81 23
8068 55 37
8068 58 39
8069 39 9
8077 55 37
8077 58 33
8086 55 32
8086 58 28
8088 81 18
8095 58 32
8097 55 32
8101 81 12
8102 58 38
8104 75 92
8105 99 17
8106 55 35
8107 45 27
8107 58 41
8111 44 24
8133 74 45
8133 77 82
8134 52 44
8134 65 30
8134 96 31
8136 41 37
8137 53 50
8140 42 42
8143 40 38
8145 42 38
8148 75 25
8149 41 40
8157 75 27
8167 60 22
8193 77 48
8245 63 58
8245 75 59
8246 68 56
8246 81 18
8246 82 26
8246 84 41
8246 91 16
8247 53 52
8247 72 54
8248 42 34
8248 60 47
8248 79 29
8248 88 31
8254 42 35
8259 60 41
8260 42 32
8262 53 49
8262 77 24
8264 41 27
8266 60 39
8271 60 33
8280 60 26
8287 63 43
8296 63 41
8304 60 11
8333 75 39
8353 63 42
8353 77 39
8354 74 48
8354 91 48
8355 79 76
8355 82 51
8355 90 12
8356 56 42
8356 62 54
8356 83 16
8356 85 21
8357 75 21
8359 54 35
8359 67 33
8360 81 18
8361 43 52
8374 43 37
8382 55 36
8394 55 53
8396 43 12
8401 42 17
8463 66 61
8463 74 70
8464 71 36
8464 77 34
8465 65 78
8465 81 50
8465 84 18
8466 62 68
8466 70 43
8466 90 12
8469 45 35
8470 58 51
8471 44 36
8472 55 49
8477 58 52
8477 62 57
8478 83 16
8479 55 48
8480 62 52
8481 58 45
8483 62 57
8485 70 23
8486 58 48
8488 55 44
8488 62 53
8491 62 50
8491 83 10
8494 62 53
8497 55 46
8497 58 45
8505 62 51
8506 55 41
8506 58 41
8508 62 50
8511 62 45
8513 55 41
8515 58 41
8522 58 39
8524 55 37
8531 55 37
8531 58 40
8538 58 40
8540 55 34
8545 58 38
8549 55 33
8556 58 36
8563 58 34
8569 82 55
8570 67 38
8570 92 51
8570 99 27
8571 78 29
8571 80 83
8571 84 20
8571 87 26
8572 44 39
8572 63 43
8572 89 30
8572 91 22
8573 56 62
8576 44 46
8576 65 33
8578 63 34
8588 63 25
8590 65 25
8591 78 46
8593 44 23
8593 63 36
8603 67 16
8605 44 42
8606 69 27
8606 85 22
8606 88 25
8606 91 55
8606 98 35
8607 74 53
8607 79 80
8607 82 54
8607 90 14
8607 92 28
8608 89 19
8611 45 44
8612 56 26
8612 74 9
8614 81 15
8616 45 30
8622 56 27
8626 45 16
8628 92 17
8631 56 28
8643 56 14
8645 75 89
8646 67 11
8646 78 30
8646 94 17
8647 45 28
8647 80 33
8652 44 24
8652 79 40
8662 80 28
8670 80 21
8681 80 35
8682 68 69
8682 73 61
8682 84 51
8683 57 37
8683 62 50
8684 55 30
8684 72 71
8684 82 27
8684 88 31
8685 63 58
8685 67 69
8685 86 17
8686 60 49
8689 56 42
8691 60 44
8701 56 30
8701 67 45
8702 68 59
8707 56 27
8707 68 57
8708 91 16
8710 60 36
8711 68 55
8714 91 19
8717 60 30
8721 91 12
8722 68 56
8723 56 11
8724 60 23
8735 79 19
8737 68 52
8741 68 50
8752 68 45
8754 91 15
8756 68 43
8760 60 9
8767 68 38
8771 68 37
8775 68 36
8781 68 33
8786 68 32
8790 68 30
8791 62 55
8791 77 36
8792 42 48
8792 56 37
8792 67 70
8792 85 20
8793 81 18
8793 90 11
8794 55 43
8795 43 56
8824 71 20
8825 91 23
8826 86 25
8839 43 9
8847 89 48
8847 94 55
8848 82 56
8848 98 40
8850 44 37
8850 70 54
8854 44 25
8854 55 30
8858 44 22
8871 74 91
8872 93 40
8876 55 28
8904 65 76
8904 77 81
8904 84 13
8905 48 10
8905 81 25
8905 90 14
8905 96 35
8906 57 36
8906 62 64
8906 92 37
8908 58 55
8910 81 24
8915 81 27
8918 44 13
8919 96 22
8925 62 58
8928 62 54
8931 81 25
8936 96 18
8939 62 51
8939 93 32
8940 74 84
8944 44 15
8944 81 23
8945 62 49
8948 62 51
8957 81 23
8959 62 43
8962 62 43
8981 62 39
8993 62 35
9011 53 35
9011 88 38
9012 41 50
9012 61 43
9012 90 17
9013 76 22
9013 80 21
9014 42 61
9014 66 46
9033 66 66
9037 70 13
9061 69 51
9061 74 23
9062 93 9
9063 82 10
9066 72 66
9067 61 35
9071 75 92
9071 82 21
9072 41 46
9072 99 24
9074 53 29
9074 77 19
9077 41 44
9077 54 24
9079 42 46
9084 42 45
9090 77 18
9090 82 10
9113 69 12
9120 88 19
9125 41 33
9125 83 25
9125 91 22
9126 73 45
9126 82 35
9126 89 10
9127 54 49
9127 84 30
9128 43 39
9128 69 15
9131 88 24
9132 69 18
9134 41 39
9134 61 9
9139 41 33
9139 88 30
9141 42 30
9149 42 31
9149 88 24
9158 42 28
9174 82 9
9175 88 16
9184 82 25
9188 42 21
9202 84 91
9202 88 13
9205 82 78
9231 52 36
9231 60 26
9231 65 28
9232 40 29
9232 88 15
9233 53 49
9234 41 40
9242 41 39
9312 74 31
9312 80 76
9312 82 42
9313 99 9
9321 41 31
9325 41 28
9342 91 46
9343 68 56
9343 74 55
9343 79 74
9343 82 49
9343 84 39
9343 88 26
9343 90 9
9343 98 22
9344 87 9
9344 92 17
9345 44 41
9345 56 41
9345 60 52
9345 75 58
9346 63 53
9354 56 39
9355 82 21
9361 53 33
9363 41 24
9366 53 42
9368 60 34
9380 41 23
9385 41 20
9385 63 35
9389 41 20
9389 79 34
9395 63 34
9401 41 19
9402 63 31
9405 79 23
9411 63 30
9420 41 20
9428 84 10
9439 84 10
9451 77 75
9451 84 14
9452 58 50
9452 74 43
9454 47 45
9456 46 41
9456 74 15
9459 46 49
9466 46 40
9473 46 32
9486 46 23
9492 46 22
9511 46 19
9511 77 41
9524 46 17
9540 46 13
9548 46 11
9554 46 13
9566 53 55
9566 63 48
9566 68 60
9566 81 29
9567 74 67
9567 84 39
9567 90 24
9568 45 41
9568 62 64
9568 72 34
9568 82 23
9568 87 20
9569 70 39
9571 58 36
9572 45 32
9573 57 49
9573 72 26
9573 81 29
9575 45 34
9575 58 49
9577 72 18
9580 45 20
9581 58 47
9581 72 18
9584 58 48
9585 81 27
9588 72 15
9596 72 13
9597 81 24
9600 72 17
9603 84 27
9609 81 24
9613 84 20
9613 90 11
9620 81 22
9632 81 18
9643 81 13
9656 81 9
9661 62 21
9666 62 67
9670 85 20
9671 42 49
9671 55 49
9671 71 11
9671 81 21
9671 90 15
9673 54 49
9673 79 10
9674 43 57
9682 88 10
9683 56 33
9685 67 24
9686 54 36
9689 67 54
9705 43 17
9709 55 35
9721 43 12
9721 55 28
9724 71 32
9725 58 34
9725 82 45
9726 65 82
9726 70 42
9726 92 19
9726 96 21
9727 81 29
9728 58 50
9728 84 26
9732 62 64
9735 62 62
9749 62 56
9752 84 10
9769 62 52
9783 72 37
9783 88 15
9783 91 25
9783 92 14
9784 71 37
9784 86 28
9784 96 24
9785 74 75
9785 79 15
9786 93 13
9790 44 30
9790 67 65
9792 65 65
9794 67 65
9798 65 62
9802 65 61
9802 96 11
9808 81 9
9816 81 11
9836 73 32
9836 91 45
9837 75 41
9837 79 74
9840 74 20
9841 45 34
9851 82 30
9865 67 31
9870 74 22
9886 70 37
9887 48 45
9887 83 18
9888 67 33
9888 90 11
9889 55 39
9890 37 38
9892 64 26
9894 81 14
9896 36 44
9897 80 12
9910 80 10
9917 64 11
9919 80 9
9941 74 75
9941 90 23
9942 62 72
9942 66 33
9942 96 17
9943 81 36
9944 76 22
9952 76 17
9967 76 12
9967 90 19
9971 76 11
9981 67 71
9985 62 54
9985 76 36
9986 53 44
9986 80 15
9986 83 25
9988 71 24
9990 51 43
9991 91 25
9994 70 23
9995 48 35
9996 89 24
9996 94 32
9997 62 47
9997 82 39
9998 51 34
9998 70 47
9999 81 28
10000 47 36
10001 74 81
10004 52 33
10005 60 35
10005 76 71
10007 83 25
10008 52 32
10008 64 40
10008 81 17
10010 53 31
10013 60 30
10014 53 32
10015 81 18
10021 60 29
10023 51 29
10023 81 15
10026 80 11
10028 81 13
10029 60 29
10034 81 12
10037 60 29
10039 70 26
10039 81 11
10042 60 29
10045 60 32
10047 81 9
10049 70 26
10058 70 20
10067 70 14
10077 70 14
10098 70 11
10098 74 23
10107 70 12
10110 51 41
10111 65 41
10111 88 30
10112 60 40
10112 75 28
10113 41 52
10113 53 71
10113 83 23
10114 76 14
10135 75 17
10161 83 10
10168 75 16
10169 40 43
10169 72 52
10169 77 35
10169 81 32
10169 87 33
10172 42 45
10175 40 43
10178 42 42
10181 40 40
10185 41 42
10220 63 61
10220 67 79
10220 91 41
10220 95 25
10221 75 67
10221 82 25
10221 86 35
10221 90 30
10221 94 27
10222 80 46
10223 88 32
10224 60 53
10225 41 41
10235 68 73
10236 67 63
10237 41 34
10238 68 73
10240 67 61
10242 68 73
10247 60 37
10252 41 31
10253 68 78
10254 60 30
10259 60 32
10264 72 18
10264 88 17
10266 63 42
10267 91 15
10271 42 35
10275 41 29
10275 63 42
10278 60 16
10281 91 11
10284 84 9
10297 63 29
10297 87 47
10297 91 39
10297 95 22
10298 67 80
10298 86 36
10299 42 30
10300 63 34
10303 42 32
10304 80 42
10310 41 24
10313 75 18
10323 63 26
10329 63 28
10332 102 21
10333 58 54
10333 68 73
10335 46 53
10335 53 29
10337 74 16
10339 65 39
10341 86 19
10343 65 39
10349 86 16
10351 46 39
10351 65 41
10352 68 62
10355 65 39
10363 68 56
10365 65 41
10370 46 26
10370 87 36
10376 46 27
10378 68 41
10382 46 21
10382 68 39
10385 67 73
10385 91 27
10386 53 16
10386 80 10
10386 95 9
10387 86 32
10398 46 24
10398 80 9
10402 46 23
10403 80 13
10414 46 19
10420 46 20
10425 46 19
10428 65 25
10429 86 13
10431 46 19
10433 67 53
10438 86 11
10439 73 39
10440 61 43
10440 65 83
10440 70 41
10440 75 37
10441 53 49
10441 84 43
10442 72 40
10442 74 61
10443 70 38
10443 93 14
10445 58 59
10445 68 56
10445 81 26
10446 45 33
10446 72 29
10446 90 14
10449 68 53
10450 44 33
10452 72 21
10453 44 29
10454 90 10
10459 84 30
10461 90 9
10467 72 20
10469 84 25
10470 87 15
10471 68 50
10476 46 15
10478 81 23
10480 84 22
10490 81 22
10502 81 20
10504 87 11
10514 81 16
10515 87 9
10526 81 12
10548 79 36
10548 85 25
10549 51 55
10550 73 20
10550 86 12
10551 39 58
10556 81 13
10563 81 14
10564 67 30
10566 65 26
10568 67 24
10570 81 10
10577 67 26
10605 75 92
10605 99 17
10606 94 18
10610 51 27
10610 67 10
10615 39 44
10618 39 41
10659 71 30
10659 86 47
10660 62 71
10660 74 77
10660 77 25
10660 81 38
10660 90 14
10660 93 39
10661 82 25
10661 96 15
10662 55 46
10662 67 57
10662 70 46
10662 92 17
10664 58 44
10664 83 22
10666 40 34
10667 58 55
10669 40 32
10670 83 11
10678 39 18
10681 83 12
10682 39 21
10692 83 9
10716 39 12
10728 55 30
10735 55 29
10735 58 29
10742 55 26
10753 58 23
10760 58 30
10764 55 35
10765 65 35
10765 88 26
10766 40 41
10766 60 40
10768 41 48
10768 53 59
10770 83 20
10771 74 62
10786 60 34
10794 83 10
10795 60 31
10807 60 27
10816 60 23
10828 60 17
10871 40 33
10871 69 47
10871 71 54
10871 77 36
10872 62 59
10872 80 25
10872 84 48
10872 88 35
10873 72 79
10873 82 19
10873 90 9
10873 94 20
10874 42 43
10874 60 52
10874 63 54
10874 68 57
10874 75 62
10874 79 33
10879 42 54
10882 45 30
10886 41 34
10889 79 20
10891 41 33
10896 60 39
10901 88 18
10905 41 33
10905 60 32
10905 91 16
10908 74 21
10910 41 29
10910 60 27
10917 60 23
10924 60 19
10926 79 14
10928 63 34
10941 60 13
10948 60 13
10981 41 48
10981 77 35
10982 55 42
10982 62 54
10982 81 18
10982 85 18
10983 71 9
10985 43 53
10985 54 45
10985 67 21
10985 90 9
11000 42 39
11002 43 29
11008 42 14
11009 55 35
11015 42 15
11015 55 32
11023 42 19
11032 42 15
11034 55 25
11038 55 25
11040 42 10
11046 55 25
11050 55 23
11054 55 26
11058 71 36
11058 89 27
11059 82 41
11059 98 18
11061 55 27
11061 70 45
11067 44 19
11069 72 11
11075 55 20
11077 67 47
11079 55 21
11083 55 21
11086 73 72
11086 84 51
11087 61 54
11087 66 69
11087 100 19
11088 65 78
11088 86 25
11088 91 29
11088 92 19
11089 62 67
11089 72 74
11089 74 88
11089 81 31
11089 90 12
11092 45 41
11092 58 48
11094 44 41
11095 62 60
11097 44 31
11097 89 17
11098 62 61
11107 62 57
11115 82 31
11120 96 11
11132 62 46
11144 93 36
11147 72 41
11153 72 36
11157 72 36
11161 72 31
11168 72 23
11172 72 23
11174 81 18
11183 72 14
11198 62 29
11199 75 91
11199 88 27
11199 89 13
11199 94 19
11200 41 50
11200 60 40
11201 83 21
11202 53 58
11205 41 47
11206 60 37
11218 60 30
11252 67 33
11252 89 29
11252 94 38
11253 71 41
11253 82 43
11253 98 20
11254 60 26
11255 70 48
11261 42 42
11265 41 42
11274 74 13
11276 75 26
11286 74 18
11291 72 57
11296 74 18
11303 74 43
11304 60 54
11305 67 81
11305 88 33
11305 91 41
11305 95 27
11306 80 25
11307 63 49
11307 75 54
11307 77 12
11312 41 34
11314 63 48
11316 42 32
11319 40 31
11319 63 49
11321 41 32
11326 63 47
11327 68 63
11330 67 53
11332 68 62
11336 68 61
11338 60 31
11347 60 21
11347 68 59
11357 63 38
11358 66 76
11359 89 26
11360 77 39
11361 65 82
11361 68 52
11361 93 16
11362 75 17
11364 44 37
11364 60 17
11366 68 51
11369 41 39
11370 68 51
11374 41 29
11374 68 47
11377 68 46
11380 60 12
11381 68 48
11384 75 20
11387 68 43
11396 68 41
11411 79 39
11411 95 23
11412 67 77
11412 70 20
11412 73 16
11412 86 39
11413 51 53
11413 58 48
11413 85 23
11414 40 47
11414 65 68
11416 39 52
11416 65 66
11418 65 65
11420 39 55
11420 81 9
11421 73 9
11442 65 46
11458 65 42
11463 82 57
11463 89 47
11464 65 42
11464 67 53
11464 73 26
11464 81 14
11465 70 55
11467 65 41
11472 65 33
11474 39 41
11477 65 32
11477 86 13
11478 39 42
11488 86 10
11496 39 36
11500 86 9
11524 61 61
11524 74 93
11524 77 45
11525 66 48
11525 81 34
11525 90 19
11525 92 20
11525 93 50
11526 50 32
11526 62 68
11526 70 45
11526 102 23
11527 67 49
11528 96 10
11530 58 51
11531 51 27
11532 81 30
11543 70 42
11544 58 42
11547 39 11
11552 39 21
11554 85 12
11557 55 37
11557 58 33
11559 39 15
11562 55 36
11564 39 15
11564 58 35
11566 55 33
11570 39 17
11575 58 48
11579 39 17
11583 39 11
11594 62 39
11598 39 11
11629 62 24
11634 40 34
11634 53 44
11634 88 26
11635 72 16
11636 41 51
11636 83 20
11637 53 59
11642 60 40
11655 60 31
11685 75 93
11686 81 16
11687 94 18
11688 72 19
11690 40 38
11690 88 12
11691 60 18
11692 42 42
11697 42 43
11701 41 40
11736 77 81
11736 81 34
11737 68 65
11737 82 33
11737 85 25
11737 88 32
11737 90 27
11738 64 55
11738 72 53
11738 91 36
11738 94 34
11739 53 56
11740 63 62
11741 79 29
11742 60 38
11743 41 33
11747 60 39
11750 42 35
11752 60 36
11753 91 9
11756 41 32
11759 60 35
11765 91 14
11783 63 40
11787 74 21
11789 75 20
11794 74 18
11806 81 14
11840 74 13
11843 75 50
11845 88 18
11845 91 49
11846 42 40
11846 62 48
11846 67 33
11846 69 30
11846 79 78
11846 82 52
11846 98 23
11848 77 32
11849 42 44
11849 68 22
11849 71 9
11849 81 20
11851 44 52
11853 55 41
11854 68 21
11855 43 49
11859 67 18
11860 43 35
11862 81 13
11863 43 38
11865 42 29
11866 67 16
11867 55 35
11869 43 21
11869 54 35
11870 77 27
11874 55 28
11877 54 31
11877 77 25
11881 54 29
11884 77 18
11886 42 17
11891 77 17
11895 42 19
11908 77 16
11909 55 24
11915 77 14
11915 79 25
11917 55 22
11922 77 15
11929 77 10
11953 68 42
11954 70 40
11954 74 71
11954 82 53
11955 44 26
11955 89 23
11955 90 17
11955 92 20
11956 62 71
11956 66 71
11956 77 31
11956 81 31
11956 96 16
11957 55 47
11957 65 73
11958 84 14
11959 58 50
11969 62 54
11971 58 47
11972 62 60
11973 83 13
11980 62 51
11983 62 54
11984 83 11
11986 62 53
11989 62 54
11992 62 53
12003 62 47
12005 58 39
12011 62 43
12014 62 42
12020 62 36
12023 62 39
12025 55 31
12025 77 75
12028 96 9
12033 44 16
12034 62 33
12041 79 76
12041 90 15
12043 62 35
12043 75 23
12045 74 39
12048 58 31
12048 81 15
12054 62 27
12059 62 38
12059 87 10
12059 92 51
12059 99 26
12060 80 83
12060 82 49
12060 84 14
12062 57 43
12063 44 45
12063 75 11
12064 56 55
12066 62 31
12066 82 15
12069 44 24
12070 91 15
12071 63 26
12073 43 21
12075 63 28
12076 44 21
12077 65 22
12080 63 25
12080 67 15
12084 44 23
12088 79 68
12089 74 37
12089 82 38
12089 98 12
12090 63 36
12091 89 14
12092 77 31
12093 63 62
12094 67 18
12106 80 37
12107 68 14
12109 56 19
12116 56 21
12117 79 21
12120 56 24
12130 56 14
12138 79 33
12144 80 29
12154 79 20
12160 80 15
12162 77 51
12163 75 93
12164 72 44
12164 82 29
12164 91 33
12164 94 35
12166 67 63
12166 88 31
12167 60 48
12167 80 25
12169 44 30
12169 77 14
12171 60 48
12171 86 12
12174 56 30
12181 68 55
12182 67 48
12184 68 59
12185 60 41
12190 84 26
12192 60 37
12192 91 18
12195 56 19
12195 68 55
12198 91 16
12199 60 29
12204 84 12
12205 91 11
12206 56 11
12209 72 15
12211 91 12
12227 79 9
12235 91 11
12242 60 13
12242 91 11
12249 91 10
12252 68 35
12255 91 9
12267 68 31
12275 56 39
12275 62 57
12275 67 32
12275 77 37
12276 42 48
12276 81 17
12276 85 20
12276 90 10
12278 55 44
12279 43 56
12290 88 9
12301 71 14
12302 67 61
12322 43 13
12386 69 44
12387 61 58
12387 77 78
12387 82 46
12387 86 22
12388 65 65
12388 70 44
12388 74 66
12388 81 29
12388 92 17
12388 96 25
12389 62 59
12389 66 70
12389 83 26
12390 65 74
12390 79 20
12391 58 50
12391 84 11
12396 62 54
12399 84 9
12402 55 40
12405 62 49
12406 83 15
12407 58 46
12413 96 16
12432 58 41
12443 89 30
12443 98 14
12444 70 47
12445 62 39
12449 44 18
12493 61 39
12495 41 50
12495 58 32
12497 42 59
12497 76 10
12498 66 45
12500 65 29
12504 65 32
12505 80 10
12514 77 16
12515 66 82
12521 85 40
12521 94 30
12522 100 12
12568 75 93
12569 94 19
12571 77 25
12572 54 28
12574 42 46
12574 61 10
12575 94 19
12579 41 33
12579 77 15
12580 61 14
12581 42 38
12585 77 15
12599 72 75
12599 77 31
12599 85 37
12599 88 34
12600 79 27
12600 81 19
12600 91 33
12601 54 50
12601 63 58
12601 66 50
12602 42 36
12602 69 59
12602 82 36
12603 60 50
12605 88 39
12606 41 38
12610 60 45
12614 43 33
12615 82 29
12619 57 38
12620 42 29
12620 66 19
12622 60 36
12627 82 20
12628 57 33
12629 78 14
12631 85 31
12632 42 25
12636 60 27
12638 57 32
12638 66 42
12640 82 19
12643 42 23
12646 85 25
12648 73 29
12648 88 55
12651 73 30
12651 79 12
12652 93 38
12652 97 28
12653 78 18
12654 54 33
12654 66 34
12654 72 34
12655 85 17
12656 44 34
12656 53 29
12656 57 27
12659 54 21
12660 72 29
12662 73 30
12663 82 14
12665 72 27
12666 54 17
12670 54 18
12670 72 28
12670 85 10
12674 72 28
12676 42 13
12678 85 12
12685 85 13
12686 42 13
12693 85 11
12702 42 10
12703 97 9
12714 67 72
12714 91 27
12715 53 57
12715 60 34
12715 86 25
12716 40 42
12716 83 19
12719 42 46
12721 41 47
12721 83 17
12722 88 31
12745 88 24
12747 75 9
12767 88 15
12779 88 10
12790 75 26
12791 88 11
12792 61 30
12792 66 74
12792 77 33
12793 65 81
12793 84 19
12795 41 43
12800 42 41
12803 40 32
12805 41 34
12822 75 62
12823 54 44
12823 68 59
12823 72 57
12823 82 19
12824 41 45
12825 53 49
12825 88 31
12825 91 19
12826 60 49
12826 79 33
12827 42 30
12829 40 36
12830 53 51
12831 41 38
12835 40 37
12837 41 37
12838 53 45
12843 53 47
12843 79 18
12847 41 31
12850 41 31
12854 60 30
12862 88 12
12863 60 25
12866 75 76
12876 82 37
12876 91 31
12877 63 67
12878 77 15
12885 65 58
12887 41 31
12888 63 62
12891 41 29
12895 63 60
12904 41 24
12904 63 56
12908 65 55
12910 63 46
12932 58 62
12932 94 13
12933 86 35
12933 88 16
12936 46 54
12936 68 12
12936 74 78
12941 68 9
12944 46 52
12951 53 26
12953 46 39
12961 81 37
12961 90 22
12961 94 10
12961 96 18
12962 45 36
12962 62 76
12964 46 37
12966 65 45
12968 53 18
12969 46 26
12969 65 41
12973 45 35
12974 65 41
12975 46 31
12980 65 39
12981 46 21
12985 65 37
12989 46 26
12989 65 36
12994 65 37
12995 46 28
13000 65 33
13005 46 26
13005 65 34
13009 65 31
13014 65 31
13020 65 29
13023 65 28
13027 46 22
13034 65 52
13040 46 27
13042 79 45
13042 84 58
13042 88 55
13042 94 46
13043 45 34
13043 53 33
13043 60 65
13043 68 60
13043 72 69
13043 74 39
13043 90 26
13043 98 18
13044 82 35
13044 87 19
13045 75 32
13046 92 18
13047 46 35
13047 74 76
13049 45 37
13049 53 47
13052 53 44
13057 53 41
13060 46 12
13061 60 58
13062 53 41
13065 53 45
13069 87 15
13072 70 32
13075 70 34
13076 58 51
13079 58 49
13080 81 16
13081 46 15
13088 58 45
13089 46 12
13092 81 41
13093 45 19
13094 62 70
13094 96 26
13095 65 46
13097 58 44
13101 58 41
13104 58 42
13105 82 26
13106 45 23
13114 58 33
13116 82 25
13119 58 38
13123 84 16
13141 88 18
13146 61 38
13146 77 44
13147 79 20
13147 85 29
13147 90 27
13148 42 51
13148 62 56
13148 65 28
13148 71 12
13148 83 15
13149 68 32
13151 43 59
13151 54 47
13153 81 27
13154 68 30
13156 87 15
13158 71 11
13162 88 15
13166 90 10
13175 55 39
13179 43 22
13188 43 23
13195 43 20
13200 43 10
13212 55 30
13245 77 81
13246 82 29
13247 61 42
13247 74 59
13247 81 24
13247 96 25
13248 65 68
13248 83 23
13249 44 31
13249 62 50
13249 79 25
13250 55 29
13250 70 39
13251 45 33
13251 82 51
13252 62 50
13253 58 48
13255 62 45
13256 84 12
13259 67 67
13261 65 66
13263 65 66
13264 96 9
13265 67 64
13266 62 44
13271 65 64
13275 62 36
13276 96 9
13283 67 62
13286 62 39
13291 62 38
13294 62 33
13297 62 35
13299 65 55
13301 67 55
13301 79 77
13301 88 13
13302 77 77
13303 62 32
13305 45 33
13305 65 50
13308 81 16
13311 82 16
13314 81 16
13328 62 19
13341 82 13
13351 62 14
13359 62 16
13362 67 30
13362 69 29
13363 48 42
13363 82 20
13363 96 21
13364 38 31
13364 70 26
13365 55 34
13366 37 34
13368 65 25
13369 36 30
13370 48 38
13371 35 29
13372 74 11
13373 36 36
13374 55 31
13375 48 38
13380 65 13
13407 77 10
13419 77 46
13424 67 72
13424 91 25
13425 86 28
13425 95 9
13427 70 22
13439 70 19
13479 89 44
13479 94 51
13480 58 42
13480 73 35
13480 82 52
13480 98 36
13481 70 56
13481 74 33
13482 64 36
13482 77 18
13483 54 43
13484 48 50
13485 58 48
13486 76 19
13487 64 27
13492 64 18
13493 77 31
13496 64 32
13497 58 46
13505 57 40
13510 58 44
13513 58 44
13516 58 43
13519 58 42
13524 58 40
13526 59 38
13529 77 17
13531 70 22
13533 58 41
13541 58 40
13543 70 11
13543 79 10
13544 58 39
13547 58 39
13549 67 25
13551 59 34
13553 70 9
13558 58 37
13560 59 37
13562 70 12
13566 58 38
13569 58 36
13571 70 16
13572 58 36
13575 58 35
13580 70 15
13581 58 33
13587 58 31
13590 58 30
13597 70 17
13597 88 22
13598 60 43
13598 65 35
13598 75 17
13598 89 12
13599 41 45
13600 53 55
13604 83 17
13607 70 12
13616 70 9
13636 70 9
13653 75 35
13654 96 21
13655 61 34
13655 66 80
13655 77 37
13655 99 11
13656 65 87
13656 84 29
13656 93 16
13660 43 38
13664 41 44
13669 41 35
13713 91 50
13714 75 64
13714 79 38
13714 82 21
13714 84 37
13714 95 32
13714 98 20
13715 53 52
13715 67 80
13715 72 47
13715 86 41
13715 94 21
13715 101 13
13716 60 47
13716 88 26
13716 90 13
13720 45 30
13720 80 22
13721 60 38
13722 44 38
13725 60 37
13727 63 49
13727 80 26
13728 60 38
13730 65 56
13735 60 36
13736 41 24
13737 63 53
13737 68 64
13738 67 56
13740 60 32
13740 68 65
13743 63 45
13744 68 63
13746 63 47
13749 41 25
13749 60 27
13751 68 61
13755 68 63
13766 63 41
13766 79 15
13774 77 10
13775 87 34
13779 91 10
13782 42 22
13787 41 20
13803 68 47
13807 68 47
13817 68 43
13820 87 23
13822 68 41
13829 67 33
13835 58 51
13835 68 17
13835 82 37
13835 89 25
13835 98 20
13836 71 34
13837 46 50
13837 86 10
13838 67 34
13839 74 15
13840 53 25
13844 53 23
13850 53 15
13850 65 31
13852 67 26
13949 74 60
13950 53 49
13950 62 62
13950 67 40
13950 77 34
13951 72 33
13951 81 24
13951 84 36
13952 68 56
13952 90 12
13954 45 25
13956 72 20
13956 87 14
13958 58 42
13958 82 10
13960 90 10
13961 58 41
13963 46 18
13963 53 43
13963 72 15
13964 58 43
13964 81 20
13967 46 11
13967 58 42
13967 72 15
13967 90 9
13968 53 40
13971 53 47
13971 58 38
13974 46 10
13974 58 42
13974 90 10
13976 81 20
13979 72 15
13984 58 39
13987 81 20
13995 84 18
13998 81 18
14010 81 16
14023 81 10
14120 82 57
14120 89 25
14121 73 21
14121 98 15
14122 41 43
14122 58 41
14122 70 47
14122 79 21
14123 51 46
14124 67 23
14125 39 47
14129 39 51
14134 67 16
14182 74 89
14182 93 37
14189 39 41
14192 39 37
14197 39 32
14237 67 72
14238 56 41
14238 63 68
14238 72 29
14238 81 28
14239 41 30
14239 62 74
14239 77 24
14240 70 19
14241 58 59
14242 51 35
14242 83 14
14258 39 15
14271 89 46
14272 98 38
14274 70 55
14275 58 45
14275 77 11
14276 45 32
14278 44 28
14282 58 41
14286 55 35
14291 58 37
14295 55 27
14300 58 28
14304 55 29
14304 58 34
14307 62 34
14307 91 23
14311 58 45
14317 51 15
14321 62 28
14330 51 15
14331 62 26
14336 62 23
14340 68 65
14341 53 58
14341 87 42
14341 88 23
14341 96 12
14342 83 19
14342 102 12
14343 41 46
14343 72 13
14345 58 40
14348 41 45
14348 60 34
14348 74 28
14351 41 46
14351 60 37
14359 74 18
14363 60 30
14381 87 34
14396 92 9
14398 67 20
14398 70 10
14398 75 87
14401 68 17
14407 41 42
14421 67 11
14435 68 22
14452 64 58
14453 72 57
14453 77 22
14453 80 32
14453 82 22
14453 88 38
14453 91 23
14454 40 32
14454 60 49
14454 63 59
14454 68 63
14454 75 62
14454 90 23
14455 79 32
14455 94 24
14456 41 39
14460 40 31
14463 42 37
14466 40 32
14468 41 37
14468 91 15
14473 60 36
14475 88 19
14480 60 29
14485 87 29
14489 72 25
14493 63 45
14511 60 13
14536 63 30
14536 77 12
14536 87 36
14537 68 58
14540 63 29
14550 41 21
14567 62 52
14568 69 34
14568 77 81
14568 94 41
14568 98 20
14569 42 40
14569 56 44
14569 68 44
14569 82 40
14570 70 50
14572 44 55
14574 43 54
14579 54 34
14583 54 36
14584 87 10
14586 68 31
14590 43 23
14591 55 36
14594 67 20
14595 55 33
14599 55 29
14600 42 14
14607 42 17
14610 67 18
14611 43 13
14611 55 30
14619 55 26
14621 96 22
14623 67 38
14625 45 30
14627 55 23
14637 55 21
14660 55 16
14664 55 17
14668 55 17
14676 77 50
14678 61 47
14678 71 34
14678 74 65
14679 82 45
14680 62 62
14680 65 76
14680 70 43
14680 81 26
14680 84 16
14681 92 19
14684 45 41
14685 58 51
14686 44 40
14686 62 56
14689 62 51
14699 58 46
14749 75 73
14749 77 77
14764 74 45
14765 96 21
14781 79 76
14782 88 26
14783 98 20
14784 53 60
14784 72 22
14784 83 20
14785 81 18
14788 60 37
14791 42 43
14793 40 39
14795 41 44
14801 75 20
14809 75 14
14817 75 13
14825 77 80
14834 81 18
14836 88 11
14836 96 24
14837 79 26
14840 60 16
14840 75 15
14841 42 38
14843 40 40
14846 42 39
14850 41 39
14851 79 21
14886 75 93
14886 81 33
14887 63 58
14887 69 48
14887 77 40
14887 82 26
14887 91 21
14887 99 17
14888 80 32
14888 84 42
14888 88 34
14888 90 18
14889 60 49
14889 68 58
14889 72 49
14889 79 31
14890 39 40
14892 44 48
14897 42 44
14898 60 46
14900 63 53
14902 41 35
14904 91 13
14907 63 52
14914 63 50
14915 41 32
14917 60 34
14920 63 41
14928 41 29
14931 60 26
14944 91 39
14944 95 24
14945 63 35
14945 67 79
14945 86 37
14952 60 13
14954 81 9
14957 41 26
14964 60 12
14966 41 24
14977 67 42
14979 68 50
14981 67 50
14987 68 47
14994 67 46
14999 77 22
14999 82 50
14999 89 44
14999 94 52
15000 58 63
15000 63 36
15000 73 26
15000 85 30
15002 51 59
15002 67 54
15004 86 18
15006 39 58
15007 81 12
15011 39 60
15011 81 14
15017 86 12
15022 63 17
15037 65 10
15040 67 35
15056 65 12
15056 74 92
15056 77 25
15056 93 41
15057 102 11
15060 39 41
15060 67 26
15062 40 44
15065 39 44
15068 39 47
15079 67 24
15085 39 41
15098 67 19
15113 52 32
15113 77 38
15114 79 30
15114 81 24
15114 92 43
15115 67 85
15116 62 67
15116 95 12
15118 83 28
15123 44 31
15124 81 22
15126 40 37
15129 81 20
15130 39 29
15131 58 55
15134 85 13
15140 58 48
15140 81 17
15140 83 23
15143 40 31
15144 55 42
15148 89 41
15148 94 50
15149 55 47
15149 58 43
15151 81 17
15160 55 40
15160 81 13
15162 39 19
15162 58 37
15168 81 12
15169 58 50
15172 39 15
15175 77 12
15181 81 10
15188 91 42
15188 95 31
15189 101 10
15192 45 29
15195 44 20
15195 62 21
15205 62 24
15205 82 23
15211 62 20
15215 62 21
15221 62 24
15224 80 39
15224 88 13
15225 41 40
15225 53 52
15225 87 38
15227 42 41
15227 68 68
15229 41 38
15229 58 33
15233 40 36
15235 41 40
15235 58 29
15238 58 27
15242 68 65
15245 60 26
15251 60 23
15253 68 54
15262 67 36
15263 68 44
15268 87 19
15272 68 38
15277 67 53
15277 75 91
15278 94 18
15281 40 30
15283 42 36
15284 60 13
15292 41 32
15335 81 25
15336 42 46
15336 52 45
15336 64 56
15336 80 43
15336 82 30
15336 84 57
15336 90 32
15337 57 47
15337 68 66
15337 77 28
15337 91 32
15337 94 33
15338 63 63
15338 72 34
15338 88 35
15339 60 54
15341 44 45
15342 53 49
15342 101 9
15343 91 23
15344 60 46
15345 53 46
15347 42 38
15350 53 46
15350 56 46
15350 91 12
15352 41 32
15353 53 43
15356 60 43
15357 91 12
15358 53 51
15361 41 29
15363 60 38
15363 91 14
15369 91 11
15372 60 32
15377 60 25
15377 63 46
15383 63 38
15386 63 44
15402 75 30
15413 60 22
15414 87 36
15424 42 21
15429 41 20
15444 62 54
15444 71 49
15444 89 47
15444 94 51
15444 98 35
15445 82 49
15445 85 18
15445 90 10
15446 42 42
15447 70 53
15449 43 58
15449 65 31
15449 68 40
15461 54 29
15462 68 31
15466 68 33
15473 55 32
15475 42 13
15482 42 19
15484 55 32
15496 55 24
15499 81 14
15499 89 29
15500 77 82
15500 96 22
15501 44 22
15501 67 48
15504 55 25
15515 42 13
15533 55 19
15539 77 17
15541 55 20
15546 77 13
15557 61 47
15558 58 46
15558 66 70
15558 77 53
15558 84 27
15559 65 82
15559 74 66
15559 81 26
15559 92 17
15560 44 28
15561 62 66
15561 90 10
15562 58 48
15565 44 32
15568 44 30
15576 58 45
15580 84 11
15628 75 80
15632 62 32
15635 81 24
15646 96 22
15656 44 19
15666 74 46
15666 82 49
15667 79 76
15667 84 18
15667 88 20
15667 98 21
15669 63 42
15670 56 56
15671 44 46
15671 74 14
15675 75 23
15676 44 27
15686 45 24
15687 75 17
15689 44 23
15689 63 26
15694 63 24
15696 44 18
15699 77 50
15703 63 25
15706 44 14
15712 56 20
15719 74 32
15719 80 81
15719 99 23
15720 82 46
15724 63 20
15726 44 22
15728 56 22
15760 79 21
15771 80 42
15773 64 52
15773 75 72
15774 82 34
15774 91 34
15774 94 34
15775 63 64
15775 68 67
15775 71 36
15775 84 41
15775 90 19
15776 88 34
15777 67 59
15777 72 50
15778 56 40
15778 68 67
15779 60 50
15781 67 57
15781 86 10
15783 68 68
15788 67 55
15789 68 62
15789 91 24
15791 60 44
15792 56 32
15794 68 63
15796 91 17
15800 60 36
15807 60 29
15809 91 14
15816 56 11
15817 91 13
15821 77 20
15824 91 13
15828 72 11
15830 91 15
15831 60 18
15836 91 12
15843 91 11
15855 60 9
15879 82 86
15880 74 19
15880 91 9
15881 42 43
15881 62 61
15881 77 33
15883 75 16
15884 43 50
15884 54 39
15908 43 17
15937 81 36
15938 79 68
15939 82 41
15939 98 12
15941 67 19
15944 55 22
15948 77 11
15992 75 92
15994 69 31
15994 94 18
15995 44 38
15995 66 61
15995 79 11
15995 82 25
15996 55 40
15996 70 39
15997 65 67
15998 45 39
15998 81 19
15998 86 13
16000 44 28
16000 58 50
16000 84 9
16008 86 17
16014 62 49
16017 62 46
16020 86 15
16034 62 40
16037 62 40
16045 62 33
16046 74 38
16050 75 36
16058 74 34
16060 75 33
16067 74 28
16073 74 25
16082 62 21
16082 75 23
16091 62 18
16092 74 19
16105 74 89
16106 81 11
16106 93 29
16107 41 44
16108 61 32
16110 42 55
16111 66 37
16217 69 50
16217 75 67
16217 85 36
16218 63 62
16218 82 33
16218 91 23
16219 66 42
16220 72 47
16220 79 29
16220 88 40
16221 54 41
16221 60 46
16226 42 38
16228 43 29
16228 60 43
16229 73 37
16232 73 35
16233 60 43
16235 42 26
16240 57 34
16240 60 35
16246 57 33
16249 42 22
16249 82 17
16255 76 21
16257 57 33
16269 74 22
16274 74 34
16275 57 20
16300 85 11
16308 85 9
16322 53 58
16322 60 36
16322 88 28
16323 41 50
16323 83 19
16324 75 28
16327 74 24
16334 74 22
16335 69 10
16341 74 21
16353 75 21
16356 74 19
16370 74 20
16377 84 48
16378 67 30
16378 77 19
16379 72 69
16383 60 15
16384 40 42
16385 91 11
16387 42 36
16389 40 38
16391 41 39
16391 74 15
16402 74 10
16406 74 15
16420 74 12
16435 40 35
16435 69 53
16436 53 57
16436 60 49
16436 75 64
16436 77 32
16437 42 38
16437 63 56
16437 68 62
16437 88 28
16437 90 20
16438 82 17
16439 79 23
16440 40 37
16443 42 30
16446 40 33
16449 42 31
16453 41 32
16460 88 14
16470 86 42
16470 93 39
16471 74 91
16475 60 21
16482 60 15
16484 41 26
16484 72 30
16488 72 31
16491 60 12
16491 72 31
16494 84 12
16495 72 28
16496 60 13
16503 72 24
16510 75 91
16512 94 16
16514 72 15
16521 42 30
16525 41 22
16532 41 21
16544 77 80
16545 74 49
16545 81 17
16546 58 56
16546 84 10
16546 88 13
16546 96 21
16547 75 50
16548 46 56
16554 74 33
16562 53 22
16566 75 23
16574 74 29
16575 96 9
16576 46 31
16581 53 13
16581 75 20
16582 46 27
16586 53 13
16589 74 23
16594 46 25
16602 46 26
16608 74 17
16624 46 21
16627 74 13
16636 46 18
16646 46 19
16649 74 65
16654 84 41
16655 55 41
16655 62 63
16655 68 63
16655 71 40
16655 82 86
16655 90 22
16656 87 21
16657 53 56
16657 70 45
16657 72 37
16657 77 21
16658 44 40
16658 58 39
16660 57 50
16660 81 28
16662 58 50
16663 45 36
16663 72 25
16665 58 50
16667 72 22
16671 58 50
16671 81 26
16671 87 18
16674 72 22
16677 46 14
16678 72 21
16679 81 21
16682 72 19
16684 81 24
16686 72 18
16694 46 11
16694 81 26
16706 81 23
16710 46 11
16718 81 20
16731 81 14
16743 81 9
16764 62 55
16767 85 20
16768 71 10
16769 54 45
16769 65 28
16769 90 12
16770 43 54
16774 56 35
16775 79 9
16778 67 23
16791 81 46
16801 43 10
16810 43 12
16816 43 11
16821 79 78
16821 88 17
16822 77 37
16822 82 49
16822 84 14
16822 98 23
16823 56 33
16824 44 39
16824 67 68
16825 55 39
16826 45 38
16831 55 36
16831 81 16
16836 82 16
16845 77 10
16874 74 56
16874 82 35
16875 70 44
16876 75 92
16876 81 17
16876 89 20
16876 92 22
16876 99 15
16877 55 45
16877 58 50
16877 77 32
16878 62 56
16878 65 68
16879 45 31
16880 81 21
16881 86 27
16882 79 29
16883 44 31
16883 62 48
16888 55 46
16888 58 45
16893 58 45
16894 83 11
16895 55 41
16895 62 44
16897 58 43
16904 58 42
16904 86 30
16905 62 40
16905 83 10
16913 55 35
16913 58 38
16914 86 24
16918 58 40
16920 62 39
16922 55 36
16927 58 39
16930 74 40
16935 75 41
16936 81 13
16940 55 30
16940 86 13
16950 74 33
16952 75 35
16960 74 26
16962 75 37
16983 55 31
16983 67 39
16984 80 13
16984 83 28
16985 48 46
16985 65 41
16985 70 61
16985 74 93
16985 90 11
16985 93 40
16986 55 39
16988 37 35
16989 65 35
16991 67 58
16993 36 42
16993 65 31
16997 76 25
17000 65 24
17009 80 9
17024 76 13
17034 64 13
17038 76 14
17063 76 11
17094 62 63
17094 86 25
17094 89 23
17095 74 69
17095 77 33
17095 92 25
17096 76 38
17096 81 25
17096 83 30
17098 56 56
17099 58 57
17099 71 30
17101 77 31
17102 83 30
17106 58 55
17106 81 24
17108 71 18
17110 55 50
17111 76 29
17111 83 31
17114 77 26
17115 55 49
17115 58 54
17120 62 49
17120 77 25
17122 58 52
17122 76 28
17122 83 29
17129 62 45
17131 58 50
17131 83 25
17132 62 46
17132 77 12
17135 55 44
17138 58 48
17140 55 45
17140 81 18
17140 86 25
17144 62 43
17147 58 48
17148 83 25
17149 55 43
17150 62 39
17152 64 33
17154 86 20
17155 64 34
17156 58 46
17158 83 25
17160 55 39
17161 81 11
17163 58 47
17166 62 34
17166 81 10
17167 55 37
17168 86 16
17169 83 21
17171 64 31
17172 58 45
17181 58 42
17191 58 41
17193 70 17
17194 58 41
17195 64 23
17196 83 13
17200 58 40
17203 74 27
17204 61 33
17205 88 26
17206 60 41
17206 65 36
17206 72 76
17207 41 49
17207 53 58
17207 75 29
17207 83 24
17209 60 37
17213 61 29
17213 74 26
17215 60 35
17216 83 16
17217 74 25
17225 60 26
17226 83 12
17239 60 21
17241 83 9
17254 60 29
17257 83 16
17259 67 36
17259 91 22
17263 60 15
17264 42 47
17267 40 40
17271 41 40
17272 60 16
17292 74 19
17303 74 17
17313 59 36
17314 41 40
17314 68 57
17314 75 64
17314 79 31
17314 82 27
17314 88 36
17315 60 49
17315 63 59
17316 90 16
17320 60 40
17322 79 24
17324 41 40
17325 60 42
17330 41 35
17332 60 34
17339 60 32
17342 91 12
17346 60 29
17348 91 11
17351 60 27
17351 74 93
17351 93 40
17354 72 31
17356 63 35
17357 72 29
17358 60 23
17361 41 32
17361 72 29
17365 63 36
17365 72 29
17366 41 26
17368 84 12
17372 60 9
17372 72 26
17376 72 24
17380 72 21
17383 63 31
17384 72 19
17389 60 21
17390 75 92
17390 94 19
17390 99 15
17395 60 12
17397 42 35
17402 72 9
17406 41 25
17406 60 9
17407 72 9
17425 58 44
17425 86 40
17425 93 37
17426 74 90
17428 68 13
17429 46 43
17434 53 24
17439 46 30
17446 46 27
17455 46 20
17471 46 19
17477 46 17
17508 72 61
17509 65 29
17509 74 29
17513 53 10
17514 74 60
17518 53 10
17528 46 10
17535 69 45
17536 80 20
17536 82 20
17537 62 58
17537 68 49
17537 70 35
17537 77 21
17538 81 13
17538 90 11
17539 58 47
17540 45 40
17540 53 36
17546 45 28
17546 53 40
17546 72 30
17548 81 10
17549 58 41
17551 53 37
17552 58 44
17553 81 10
17556 53 41
17557 72 13
17570 84 15
17646 82 72
17649 52 30
17649 63 36
17651 51 31
17654 52 24
17659 53 15
17669 51 12
17699 86 77
17700 82 33
17700 84 22
17701 63 24
17703 70 13
17755 86 15
17833 74 35
17834 79 59
17834 82 31
17838 45 22
17869 53 48
17869 80 73
17870 72 17
17870 82 39
17921 83 21
17921 87 70
17922 82 26
17923 84 23
17925 45 11
17960 87 28
18055 74 23
18056 80 61
18056 82 26
18061 53 17
18086 82 78
18087 55 37
18087 74 19
18088 67 42
18090 44 18
18137 82 16
18139 83 35
18139 89 75
18140 84 23
18140 86 28
18140 90 36
18140 91 34
18141 82 34
18142 62 28
18156 82 9
18246 89 9
18268 87 66
18269 82 20
18270 84 20
18283 89 75
18284 83 36
18284 84 25
18284 86 28
18284 90 34
18284 91 33
18285 82 34
18287 62 22
18304 91 88
18306 53 49
18307 72 18
18309 87 16
18312 45 15
18329 89 25
18357 89 73
18358 83 36
18358 84 20
18358 86 26
18358 90 34
18359 82 35
18360 62 29
18411 87 60
18412 82 28
18412 84 24
18420 89 16
18469 79 49
18474 87 21
18528 82 70
18529 63 29
18530 70 16
18546 51 12
18564 70 10
18580 86 78
18581 83 31
18581 84 23
18636 86 16
18713 74 30
18713 79 59
18713 82 27
18717 45 18
18745 65 38
18745 74 27
18745 92 30
18746 53 51
18746 72 26
18746 80 73
18746 82 39
18788 80 33
18798 87 79
18799 82 31
18800 84 30
18803 45 21
18904 74 22
18905 80 66
18905 82 33
18959 82 78
18960 67 46
18960 74 22
18961 55 41
18965 45 19
19019 83 35
19019 84 22
19019 86 28
19019 89 73
19019 90 31
19020 82 38
19020 91 31
19022 62 23
19067 89 18
19079 89 15
19144 87 60
19145 82 31
19145 84 26
19159 89 73
19160 83 33
19160 84 20
19160 86 25
19160 90 32
19160 91 32
19161 62 28
19161 82 34
19176 87 19
19181 68 50
19181 91 81
19182 75 17
19182 84 18
19183 56 32
19183 90 15
19208 89 20
19209 87 11
19220 89 11
19239 89 26
19239 92 64
19240 83 20
19258 91 12
19267 92 34
19345 91 73
19346 82 30
19373 88 24
19373 89 24
19373 92 64
19404 55 40
19404 67 45
19404 83 24
19404 91 18
19404 94 81
19405 74 22
19405 85 12
19409 45 19
19462 91 82
19516 87 68
19517 82 22
19518 84 23
19521 45 9
19521 55 14
19552 87 12
19557 87 24
19621 66 39
19622 45 19
19622 54 36
19622 86 75
19623 73 28
19623 82 31
19626 45 22
19844 53 44
19845 72 16
19900 83 36
19901 84 82
19958 86 78
19959 82 32
20013 87 69
20014 82 25
20015 84 24
20015 86 35
20018 53 16
20065 83 34
20065 84 18
20065 86 21
20065 89 75
20065 90 33
20066 45 40
20066 58 39
20066 74 12
20066 82 36
20066 91 33
20067 87 17
20068 46 41
20069 62 16
20069 65 16
20111 89 26
20285 88 26
20285 94 80
20286 79 11
20286 83 22
20287 55 37
20287 67 41
20288 74 19
20339 91 75
20340 82 32
20397 82 29
20397 87 57
20398 84 24
20445 87 9
20460 87 16
20501 86 70
20502 47 44
20502 64 29
20502 82 33
20502 84 23
20503 83 29
20505 48 50
20505 67 17
20506 65 9
20726 53 44
20726 72 28
20778 84 82
20819 84 28
20856 84 11
20861 86 84
20862 82 37
20864 84 24
20877 84 14
20895 86 32
20904 83 25
20904 87 78
20905 82 28
20906 84 28
20906 86 42
20909 45 18
20923 86 21
20931 86 10
20942 86 82
20943 45 38
20943 58 41
20943 82 38
20943 84 27
20944 87 41
20945 53 20
20945 65 24
20946 46 33
20951 46 37
20956 87 19
21003 83 37
21004 84 84
21008 46 18
21037 84 33
21201 67 31
21202 73 22
21202 82 29
21202 89 10
21203 57 34
21204 70 45
21205 51 44
21205 58 39
21216 40 14
21221 39 41
21277 74 81
21278 67 14
21279 93 15
21280 58 28
21297 55 19
21297 58 18
21308 39 23
21314 58 14
21320 39 14
21323 58 19
21327 55 17
21327 58 19
21336 58 20
21340 55 16
21340 58 18
21349 58 17
21351 55 16
21355 58 10
21373 74 11
21383 39 9
21394 58 13
21396 55 32
21400 58 10
21565 73 15
21566 41 23
21566 53 48
21566 60 22
21566 68 50
21567 75 12
21567 87 17
21572 60 25
21576 41 37
21591 60 16
21636 75 86
21637 68 22
21644 41 37
21649 41 36
21754 75 11
21761 75 9
21769 75 9
21938 67 37
21938 82 36
21938 89 17
21940 62 40
21940 70 45
21941 50 32
21941 65 27
21942 44 34
21942 55 37
21946 55 26
21947 50 32
21975 67 9
21988 55 10
21993 55 27
22006 77 76
22006 81 15
22007 74 45
22008 96 11
22018 50 18
22039 50 11
22053 77 13
22065 77 40
22129 77 18
22182 77 15
22272 53 48
22272 91 34
22273 60 28
22273 74 37
22273 79 67
22273 82 40
22274 98 9
22275 41 39
22285 41 18
22294 41 23
22299 60 17
22300 41 40
22308 60 15
22342 77 68
22343 74 39
22344 63 23
22411 75 75
22562 67 32
22563 71 32
22563 82 29
22563 89 11
22565 58 31
22565 65 19
22565 70 42
22566 39 29
22567 73 18
22568 38 33
22572 39 47
22587 39 44
22604 55 21
22627 58 15
22634 58 21
22638 58 23
22640 74 82
22641 93 16
22643 58 23
22644 51 24
22645 39 32
22647 58 23
22653 51 21
22656 38 19
22658 58 20
22661 39 16
22662 51 19
22662 58 18
22664 55 19
22676 38 10
22692 39 13
22703 39 16
22705 55 16
22709 58 12
22710 39 16
22716 58 15
22718 55 33
22723 39 17
22732 39 14
22741 39 13
22750 39 11
22759 39 9
22865 60 17
22865 68 58
22865 87 31
22867 41 37
22867 53 40
22870 40 37
22872 41 36
22877 41 41
22918 87 12
22935 75 82
22935 80 11
23186 82 25
23186 89 11
23187 42 49
23187 50 29
23187 62 37
23187 70 41
23189 43 53
23194 50 29
23195 67 14
23201 50 26
23208 50 24
23213 50 23
23224 43 14
23249 50 14
23253 77 64
23254 75 33
23258 50 17
23266 50 15
23313 77 26
23551 91 38
23552 57 45
23552 68 21
23552 74 45
23552 79 69
23552 82 42
23552 98 13
23554 56 54
23554 62 31
23554 75 26
23555 51 42
23557 44 49
23567 51 43
23600 44 24
23617 56 20
23620 74 29
23620 78 17
23620 80 73
23620 82 41
23623 56 27
23644 56 21
23652 56 19
23659 56 19
23663 80 12
23672 80 23
23689 56 11
23695 56 10
23888 82 80
23890 41 38
23891 62 37
23892 43 45
23893 50 31
23895 77 10
23904 50 28
23909 50 30
23925 43 21
23950 55 12
23958 74 37
23958 82 33
23959 79 59
23965 50 21
23976 50 14
23993 55 16
24009 50 9
24032 75 81
24035 62 20
24036 55 23
24188 74 81
24190 50 33
24190 57 18
24190 93 17
24191 40 35
24191 61 24
24193 41 38
24194 66 18
24195 42 44
24271 74 13
24278 74 12
24285 74 12
24293 74 15
24467 41 44
24467 60 18
24468 65 17
24470 42 43
24472 41 39
24538 67 23
24539 72 56
24551 41 13
24619 74 78
24620 93 13
24633 41 20
24698 75 82
24712 41 21
24783 74 44
24783 77 75
24784 57 30
24784 68 26
24784 82 20
24785 65 29
24786 37 22
24786 58 40
24786 62 28
24786 96 11
24788 54 15
24791 46 30
24791 53 22
24795 74 17
24797 46 32
24800 53 16
24815 62 14
24844 77 40
24907 77 25
24959 77 20
25109 82 82
25110 74 18
25112 62 33
25113 55 38
25114 43 41
25115 50 31
25116 42 43
25118 43 48
25124 50 27
25131 50 28
25138 50 31
25150 43 20
25157 43 20
25171 43 16
25178 74 46
25178 82 44
25178 91 41
25179 79 70
25179 98 16
25183 82 10
25184 45 30
25186 50 24
25196 50 16
25200 62 13
25201 50 12
25215 55 11
25223 55 25
25256 75 88
25258 62 19
25258 79 12
25260 45 20
25263 44 15
25444 74 79
25445 93 14
25447 48 53
25447 55 21
25447 67 25
25458 36 24
25470 36 22
25481 36 17
25783 52 41
25783 60 30
25784 73 47
25785 53 48
25785 84 33
25786 72 55
25797 41 24
25802 60 16
25807 41 35
25968 74 81
25970 93 16
25979 41 30
26046 75 88
26049 65 13
26061 41 16
26069 41 10
26127 58 44
26127 74 79
26127 93 14
26128 45 48
26128 65 15
26131 46 49
26143 53 14
26147 65 23
26161 46 16
26166 46 9
26199 46 25
26223 74 9
26229 72 54
26230 53 17
26230 67 22
26238 46 22
26242 46 20
26247 74 13
26259 74 12
26272 46 10
26277 74 9
26521 67 63
26525 86 11
26697 68 53
26699 87 23
26769 68 10
26967 67 33
26970 70 37
26971 56 11
27200 58 29
27200 75 67
27202 84 20
27203 39 42
27203 65 16
27207 39 45
27231 63 31
27234 39 39
27245 39 36
27260 39 33
27263 67 44
27264 74 18
27265 87 15
27266 55 41
27267 40 30
27275 38 23
27278 39 22
27290 70 34
27292 58 48
27313 39 12
27317 74 45
27318 62 55
27325 39 18
27341 39 15
27346 63 59
27371 74 21
27384 74 14
27391 55 21
27391 58 27
27421 58 25
27427 70 31
27431 67 13
27445 67 16
27472 74 67
27476 55 14
27529 75 64
27583 74 65
