0 69 30
0 80 54
1 61 48
1 87 36
2 73 54
3 68 57
3 97 12
75 75 51
75 78 25
75 94 19
79 73 12
122 77 44
123 96 15
169 79 39
169 83 26
169 92 35
170 80 50
193 67 46
193 77 16
194 72 60
195 87 37
195 91 14
196 68 58
198 60 42
235 79 13
243 75 46
244 94 14
245 79 10
268 77 49
269 96 21
315 68 16
319 80 42
365 68 16
365 81 37
365 82 46
383 80 11
386 66 41
386 77 31
387 58 45
388 84 32
388 93 14
389 65 59
436 83 28
437 81 32
437 94 35
438 82 43
460 79 39
460 83 24
460 92 34
461 80 46
464 58 13
507 74 21
507 77 53
507 82 23
508 96 24
554 96 24
575 62 19
575 75 54
575 82 28
576 68 41
576 77 32
577 56 42
579 63 53
603 72 19
606 77 26
654 94 14
655 56 12
672 75 39
697 73 59
698 92 19
744 92 29
750 75 9
764 66 43
765 54 43
765 61 47
765 70 22
766 80 25
766 88 14
766 97 13
811 92 30
834 75 48
836 94 18
878 77 53
878 80 25
878 96 25
926 73 58
927 92 27
929 75 13
949 61 38
949 68 55
950 75 29
951 49 42
952 56 45
957 49 24
997 73 61
998 92 29
1024 75 43
1026 94 12
1066 49 9
1072 77 44
1072 80 15
1073 96 17
1117 70 62
1136 66 46
1137 54 46
1137 88 14
1138 61 37
1143 89 12
1160 89 32
1181 77 40
1183 96 10
1210 75 15
1259 75 41
1261 94 11
1309 70 37
1329 68 42
1329 75 38
1330 56 44
1330 62 22
1330 78 47
1331 97 21
1332 70 26
1333 63 48
1345 70 9
1352 70 66
1353 89 33
1355 97 10
1375 77 47
1375 80 23
1376 96 19
1388 78 25
1394 77 36
1399 75 48
1446 73 61
1446 77 17
1446 92 30
1447 75 28
1448 70 12
1492 92 31
1515 61 34
1536 67 50
1536 69 33
1536 80 55
1537 87 40
1539 68 61
1557 73 60
1585 75 54
1586 78 28
1586 94 22
1587 61 9
1630 77 23
1643 68 16
1677 80 42
1702 72 56
1703 61 18
1703 79 32
1706 60 39
1722 67 39
1722 80 47
1723 87 33
1724 68 53
1745 75 45
1745 78 17
1746 94 14
1770 77 51
1771 96 21
1774 60 10
1817 79 38
1817 92 34
1818 80 46
1861 85 22
1861 94 39
1862 81 39
1862 82 48
1884 58 46
1884 77 37
1905 66 40
1906 84 30
1906 93 11
1907 65 57
1929 81 35
1929 82 42
1929 85 21
1954 79 39
1954 92 34
1955 80 47
1999 74 19
1999 77 54
1999 82 22
2000 96 20
2004 58 15
2045 65 11
2045 96 28
2046 58 16
2068 68 41
2068 75 58
2069 56 44
2090 82 23
2093 63 57
2135 94 18
2183 73 26
2205 56 11
2227 73 52
2228 92 22
2249 53 38
2249 66 47
2250 94 16
2251 54 48
2251 82 16
2251 88 15
2270 61 42
2270 80 22
2271 97 9
2316 72 25
2317 75 52
2318 94 21
2359 77 44
2360 96 16
2404 73 58
2405 75 17
2405 92 27
2427 61 40
2428 48 48
2428 68 40
2429 77 16
2430 49 40
2436 49 28
2444 77 11
2450 48 19
2450 75 22
2450 80 17
2451 56 40
2475 92 23
2501 75 50
2502 94 18
2513 49 11
2542 49 11
2546 77 46
2546 96 18
2585 56 17
2585 70 63
2585 73 13
2607 61 16
2607 66 64
2607 73 18
2608 54 48
2608 81 29
2608 88 18
2608 97 27
2628 75 27
2628 81 25
2628 89 33
2628 97 21
2629 73 17
2630 61 23
2652 85 29
2653 77 40
2653 96 16
2672 77 31
2677 75 47
2678 94 17
2680 77 28
2701 78 28
2722 94 15
2725 77 10
2767 70 67
2767 89 31
2787 80 25
2788 56 50
2789 78 50
2790 97 23
2809 89 32
2811 97 19
2814 63 43
2831 77 52
2831 96 25
2848 77 43
2856 75 51
2857 94 20
2929 73 62
2930 92 29
2932 70 11
2932 75 15
2953 75 17
2972 65 18
2972 68 32
2972 77 18
2973 48 41
2973 56 35
2973 71 16
2975 49 40
2982 37 17
2994 63 22
3002 44 32
3007 44 32
3014 61 36
3015 49 40
3015 68 49
3015 73 49
3020 49 29
3033 44 21
3039 44 34
3040 77 34
3040 93 20
3041 53 55
3041 61 56
3041 70 31
3041 75 32
3041 91 10
3041 97 17
3042 95 10
3046 53 52
3046 56 46
3054 53 49
3054 56 46
3059 53 49
3062 53 49
3065 56 51
3067 53 46
3070 53 48
3075 53 44
3075 56 40
3080 53 41
3083 53 43
3099 53 31
3102 56 34
3107 53 31
3112 53 32
3115 53 34
3117 78 35
3117 94 11
3118 66 58
3118 80 25
3119 61 45
3119 70 23
3120 53 30
3123 57 38
3136 57 36
3143 57 35
3162 54 33
3162 77 42
3162 80 21
3163 68 50
3163 75 34
3163 84 34
3163 93 16
3164 56 46
3164 65 63
3214 56 26
3244 66 12
3248 66 11
3252 66 15
3261 66 14
3263 56 22
3265 66 14
3269 66 13
3287 56 12
3290 65 15
3293 56 10
3300 56 17
3305 56 20
3316 56 22
3332 61 17
3336 49 15
3350 65 17
3350 75 33
3350 77 59
3350 80 36
3351 56 49
3351 84 9
3351 96 28
3370 61 44
3370 90 15
3371 71 18
3371 73 46
3374 75 25
3394 90 21
3394 97 19
3396 75 12
3415 83 26
3415 92 34
3416 79 40
3416 80 48
3417 77 34
3419 78 28
3448 77 12
3486 80 30
3487 77 49
3487 96 23
3507 60 37
3507 67 38
3508 48 46
3508 72 58
3512 48 30
3516 48 28
3528 68 45
3528 75 52
3529 56 43
3530 94 23
3532 60 28
3534 77 28
3535 48 13
3546 60 22
3551 79 39
3554 60 43
3560 56 30
3578 80 32
3580 79 20
3599 48 10
3629 48 10
3666 56 22
3685 65 49
3686 70 22
3687 46 44
3687 58 50
3704 53 45
3705 93 12
3706 73 56
3706 87 12
3706 92 23
3707 81 9
3726 59 33
3728 58 44
3728 92 24
3731 46 26
3750 75 47
3751 94 16
3770 77 50
3771 80 22
3771 96 21
3772 73 19
3783 46 16
3844 73 51
3844 75 21
3844 92 22
3865 63 42
3866 68 33
3866 78 9
3867 56 51
3868 44 50
3868 82 11
3885 72 59
3886 91 29
3891 51 22
3932 77 39
3934 96 11
4045 66 30
4046 56 23
4046 61 48
4046 70 67
4047 42 62
4065 89 42
4072 68 30
4077 68 27
4087 88 22
4089 70 60
4107 91 29
4108 72 56
4131 73 51
4132 92 22
4183 42 13
4197 70 20
4199 75 51
4199 94 16
4220 65 24
4220 68 39
4220 77 52
4220 82 25
4221 56 39
4221 96 24
4222 83 24
4223 49 49
4223 71 30
4226 71 20
4228 37 24
4230 71 23
4244 94 17
4245 56 26
4245 63 13
4245 83 13
4246 71 14
4247 49 29
4257 63 12
4262 61 29
4263 56 23
4263 73 61
4264 49 30
4271 49 30
4276 49 25
4281 49 18
4281 77 25
4286 49 18
4289 92 32
4300 77 23
4375 56 20
4375 70 64
4376 73 11
4376 89 34
4396 66 30
4396 78 45
4396 81 26
4397 61 38
4397 97 22
4398 42 62
4405 89 12
4421 68 15
4422 70 19
4423 66 12
4426 68 12
4435 68 14
4442 55 37
4442 66 44
4442 77 57
4442 82 19
4443 96 25
4446 70 9
4447 88 12
4452 73 64
4468 92 33
4511 75 52
4512 94 15
4513 77 20
4529 42 12
4552 77 53
4553 80 25
4553 96 24
4568 42 11
4575 73 20
4576 44 49
4576 63 39
4577 82 10
4577 94 22
4619 55 42
4619 68 47
4620 65 13
4621 56 46
4622 63 13
4624 44 29
4643 72 59
4643 79 32
4645 61 27
4648 60 42
4650 44 19
4687 75 46
4688 82 30
4690 63 62
4710 70 24
4710 79 25
4711 51 31
4719 79 19
4731 72 10
4731 79 26
4732 80 47
4734 68 53
4736 56 20
4755 48 46
4756 73 43
4758 50 36
4759 61 38
4760 63 39
4761 48 29
4762 61 39
4766 49 27
4775 55 36
4775 75 26
4775 77 13
4777 56 43
4797 77 48
4798 61 43
4799 96 17
4800 75 20
4801 97 10
4816 75 28
4816 78 51
4817 81 27
4817 97 22
4820 50 9
4829 77 32
4835 78 37
4841 79 31
4841 92 26
4842 80 39
4846 49 12
4869 49 10
4884 73 45
4885 61 45
4886 66 13
4887 77 9
4907 77 51
4907 80 28
4908 96 24
4910 56 21
4930 67 34
4931 48 44
4934 60 37
4936 73 25
4939 48 27
4949 56 43
4950 68 45
4950 75 42
4952 60 28
4956 77 12
4963 60 18
4977 72 22
4980 75 20
4999 79 30
4999 80 39
5073 56 40
5073 75 24
5119 65 44
5119 70 44
5119 80 19
5120 58 55
5120 68 18
5120 84 12
5121 46 49
5126 68 14
5131 68 10
5162 57 40
5164 58 46
5165 73 61
5165 92 31
5167 46 29
5185 75 36
5210 77 38
5210 96 14
5216 46 20
5255 53 46
5256 93 17
5257 81 13
5257 87 15
5258 58 15
5258 72 33
5276 73 61
5276 75 16
5276 92 30
5299 68 24
5300 45 50
5300 63 43
5301 56 51
5301 82 9
5302 44 44
5309 56 45
5320 72 60
5320 91 32
5323 51 39
5323 56 48
5324 82 9
5325 44 38
5329 70 31
5338 70 25
5347 44 27
5367 77 48
5368 96 20
5369 70 16
5372 44 27
5404 44 18
5443 63 39
5443 70 41
5444 51 46
5448 56 11
5448 79 9
5451 51 26
5453 44 13
5484 56 29
5485 45 47
5485 66 27
5486 61 50
5487 42 59
5490 70 65
5505 89 37
5509 68 39
5516 68 37
5521 68 44
5527 71 49
5527 78 31
5527 88 16
5528 66 44
5529 70 59
5547 91 33
5548 70 37
5548 72 60
5550 88 10
5551 70 39
5554 70 36
5557 70 35
5559 42 22
5571 73 56
5571 92 25
5573 70 22
5613 48 48
5614 66 20
5614 68 34
5615 49 42
5615 73 57
5635 75 53
5635 94 21
5640 49 17
5656 65 20
5657 77 23
5658 48 45
5658 56 55
5658 71 23
5659 40 33
5660 49 46
5660 92 25
5663 36 21
5669 37 20
5673 37 25
5679 80 55
5680 67 55
5680 82 17
5681 63 43
5682 44 46
5682 68 61
5684 71 16
5688 44 43
5694 71 11
5700 71 12
5703 73 25
5704 44 42
5705 61 35
5706 63 35
5708 61 36
5710 44 39
5715 44 36
5715 71 9
5719 77 11
5720 44 33
5723 67 44
5724 71 22
5726 44 33
5740 44 28
5791 44 21
5808 68 12
5812 79 42
5812 81 31
5812 92 40
5813 80 52
5814 68 33
5821 44 15
5827 44 11
5833 61 50
5833 83 30
5834 66 32
5834 70 29
5834 79 43
5834 81 38
5835 42 66
5835 80 49
5854 78 45
5855 68 34
5855 97 21
5875 70 69
5876 89 41
5877 97 23
5878 66 48
5879 88 16
5897 77 53
5897 80 27
5898 96 26
5920 77 34
5921 53 39
5922 45 48
5922 63 45
5922 68 29
5922 73 62
5922 84 14
5923 92 31
5924 44 45
5924 56 50
5944 70 40
5945 51 46
5945 75 55
5946 56 28
5948 44 38
5948 79 11
5952 51 30
5965 68 49
5967 45 32
5967 56 45
5967 70 29
5967 72 26
5970 94 18
5972 44 23
6012 55 33
6012 77 26
6013 48 49
6013 61 11
6013 65 25
6013 73 64
6013 83 25
6014 92 34
6015 49 48
6015 56 56
6015 71 28
6022 37 23
6026 37 21
6031 81 12
6035 63 42
6036 44 49
6036 82 15
6038 71 18
6041 44 45
6042 82 12
6045 83 13
6046 71 17
6047 44 44
6058 61 40
6058 71 12
6060 44 42
6064 71 15
6076 44 34
6077 71 11
6079 65 43
6080 44 37
6080 81 11
6080 87 13
6080 93 13
6081 72 21
6082 53 48
6085 44 33
6089 72 20
6091 44 28
6096 44 30
6096 61 17
6101 61 25
6102 75 37
6104 56 55
6105 61 55
6105 73 55
6105 97 17
6106 45 32
6106 70 18
6106 95 13
6110 44 32
6110 56 53
6113 56 53
6118 56 49
6123 56 48
6125 72 63
6125 79 36
6125 90 9
6126 44 23
6132 60 48
6134 56 42
6135 60 50
6137 44 14
6137 61 49
6139 56 39
6141 61 46
6147 56 57
6147 61 59
6147 73 64
6148 84 17
6149 82 14
6149 97 12
6150 44 49
6155 79 32
6156 84 13
6158 72 43
6167 84 10
6168 80 68
6169 69 42
6169 75 29
6169 78 16
6170 87 50
6171 68 71
6171 96 20
6174 45 44
6176 44 42
6177 55 29
6180 44 38
6193 55 35
6193 65 32
6193 82 44
6194 70 75
6194 76 24
6194 89 44
6195 42 63
6195 56 36
6196 61 63
6196 95 19
6196 97 27
6200 42 63
6200 66 17
6220 77 12
6240 66 50
6240 89 41
6241 88 19
6241 92 24
6242 80 33
6242 95 16
6243 97 11
6265 92 20
6265 97 25
6266 62 33
6266 80 32
6267 95 12
6268 61 38
6273 61 35
6274 42 23
6310 80 72
6310 87 46
6311 54 34
6312 61 49
6312 68 64
6313 96 13
6317 70 37
6322 70 36
6329 70 31
6330 77 16
6331 49 43
6334 49 31
6335 54 17
6336 48 30
6338 49 27
6352 78 39
6353 66 62
6353 94 19
6357 70 44
6364 42 12
6375 48 42
6375 56 41
6375 77 19
6375 87 44
6376 78 15
6376 83 16
6377 68 71
6377 96 17
6379 49 45
6380 70 31
6380 75 16
6389 70 25
6394 37 17
6394 70 26
6398 55 42
6398 71 23
6399 44 41
6400 63 38
6400 96 13
6401 56 45
6402 82 11
6403 44 47
6415 71 11
6421 61 62
6423 56 20
6425 71 10
6427 48 42
6431 49 35
6431 87 12
6439 44 29
6444 44 35
6444 57 38
6444 75 37
6445 65 66
6445 93 21
6445 97 19
6446 56 51
6446 84 39
6447 95 10
6450 44 26
6453 90 11
6460 44 29
6488 44 23
6504 49 24
6512 63 47
6513 82 27
6514 56 49
6515 44 44
6528 77 29
6534 70 56
6535 44 41
6536 57 54
6538 68 37
6540 57 58
6542 56 50
6545 58 43
6547 57 53
6549 56 48
6552 58 39
6555 58 38
6556 43 50
6556 56 54
6557 66 72
6557 85 40
6557 94 28
6558 73 39
6559 42 60
6559 58 56
6561 61 37
6562 42 65
6562 89 18
6563 58 54
6565 92 12
6574 61 40
6577 77 43
6578 84 38
6578 93 19
6581 42 55
6582 65 69
6583 61 48
6591 58 41
6599 78 43
6600 94 31
6601 66 60
6601 88 10
6603 67 53
6605 66 63
6605 70 31
6614 58 33
6620 88 9
6620 94 12
6624 54 38
6624 77 45
6624 84 39
6624 93 22
6626 42 29
6626 65 67
6630 70 14
6635 70 16
6640 42 18
6641 68 17
6646 44 47
6647 72 45
6647 78 46
6647 85 35
6647 94 27
6648 61 56
6648 80 34
6649 66 72
6649 95 12
6650 44 44
6666 93 21
6667 77 44
6667 84 38
6670 65 70
6672 75 9
6676 51 18
6690 75 47
6691 61 55
6691 68 42
6692 56 46
6692 97 15
6693 95 14
6697 44 23
6700 84 11
6708 90 9
6714 82 31
6715 65 37
6718 63 65
6722 44 38
6736 77 46
6736 83 19
6738 49 46
6738 71 20
6741 36 22
6747 37 22
6755 81 13
6758 55 41
6760 44 53
6760 66 51
6760 73 45
6760 84 37
6760 93 19
6762 65 67
6763 71 18
6764 97 9
6767 71 17
6768 44 52
6769 63 52
6771 82 17
6772 71 16
6781 61 55
6782 71 12
6785 44 42
6789 44 42
6791 84 11
6793 44 40
6800 71 10
6812 44 33
6826 60 41
6826 73 52
6828 61 53
6828 97 16
6830 44 34
6830 77 14
6830 95 10
6845 77 13
6846 75 10
6847 79 34
6848 72 58
6852 44 22
6855 61 53
6858 44 15
6858 61 47
6864 44 26
6869 65 31
6870 45 59
6870 68 32
6871 56 58
6871 75 18
6871 80 63
6871 82 17
6872 61 62
6872 97 15
6873 44 55
6875 95 9
6876 84 10
6883 84 9
6888 79 11
6893 67 55
6893 87 47
6895 68 64
6895 75 12
6895 96 13
6898 44 48
6915 70 76
6916 66 29
6916 89 43
6917 42 63
6917 83 10
6918 56 25
6922 42 61
6941 68 35
6946 68 34
6959 89 56
6960 66 49
6960 80 34
6961 88 16
6961 97 20
6962 95 11
6984 92 20
6984 97 20
6985 80 34
6986 54 43
6986 61 63
6988 95 11
6990 42 20
7025 69 38
7025 80 69
7026 87 46
7026 95 18
7026 97 21
7027 68 63
7028 96 13
7029 54 24
7036 89 9
7046 48 49
7049 49 42
7051 77 15
7055 49 29
7066 70 26
7069 78 41
7069 94 19
7070 66 65
7076 70 27
7087 45 55
7088 70 41
7088 77 41
7088 81 23
7088 83 29
7088 92 34
7089 56 61
7089 68 76
7089 87 50
7089 96 19
7090 38 41
7090 71 44
7091 49 57
7091 75 26
7092 84 16
7094 37 34
7094 49 58
7095 70 41
7097 71 31
7097 81 30
7098 38 40
7099 70 37
7100 37 39
7101 71 32
7104 70 34
7107 65 22
7107 79 21
7108 70 32
7111 63 43
7112 70 46
7114 71 40
7115 96 17
7122 49 49
7125 84 9
7127 49 47
7128 81 13
7132 49 43
7133 81 15
7134 78 13
7135 61 38
7135 73 51
7138 61 38
7144 37 30
7144 49 40
7158 77 43
7159 65 47
7160 75 37
7161 49 30
7161 56 64
7161 84 39
7161 93 22
7162 61 51
7162 71 38
7162 97 17
7163 65 67
7183 90 10
7192 44 26
7207 37 18
7208 75 19
7215 37 16
7219 49 26
7224 49 24
7229 64 37
7230 72 18
7230 78 17
7230 82 21
7231 45 55
7231 63 48
7233 44 51
7249 80 64
7251 67 52
7251 87 45
7253 96 14
7255 44 41
7255 72 11
7257 77 9
7259 44 42
7274 61 65
7274 70 76
7274 89 51
7274 97 24
7275 66 33
7275 95 18
7277 42 63
7280 66 22
7296 77 16
7297 42 52
7297 97 15
7298 49 35
7305 68 38
7312 68 34
7315 68 42
7317 78 35
7318 75 25
7318 88 21
7319 95 25
7320 97 20
7323 42 36
7341 77 22
7342 73 65
7342 97 39
7343 61 57
7343 64 29
7343 99 9
7344 44 33
7348 44 31
7355 42 19
7361 42 14
7365 43 19
7367 61 59
7367 66 37
7367 99 13
7368 54 37
7370 44 28
7372 95 12
7398 91 54
7399 72 74
7399 87 28
7399 100 15
7400 55 30
7400 75 50
7401 97 9
7402 54 22
7402 63 64
7403 48 24
7405 89 14
7406 63 70
7407 70 48
7410 70 47
7411 49 15
7415 49 52
7416 54 23
7418 68 48
7419 77 41
7423 49 39
7425 63 62
7425 70 40
7427 49 37
7433 63 60
7434 70 37
7437 84 42
7437 85 36
7437 92 37
7437 93 19
7438 63 56
7438 73 58
7439 65 68
7439 70 34
7439 75 67
7440 61 50
7441 49 29
7446 70 29
7450 61 43
7453 70 34
7460 61 41
7463 78 54
7463 94 45
7464 45 54
7464 56 56
7465 66 69
7465 70 31
7467 44 51
7470 63 44
7471 73 21
7475 63 50
7475 70 40
7479 72 11
7484 94 17
7486 51 47
7487 44 46
7496 51 27
7509 57 48
7509 68 76
7511 45 42
7511 56 55
7512 84 11
7513 44 36
7513 70 27
7518 70 34
7519 90 17
7531 50 39
7531 99 24
7532 44 42
7532 63 34
7532 96 22
7534 45 46
7535 63 20
7541 44 35
7553 78 52
7555 97 23
7557 75 20
7559 44 17
7561 51 14
7563 44 18
7571 44 24
7575 66 37
7577 81 29
7577 97 29
7579 68 63
7581 45 31
7585 44 26
7586 51 18
7594 44 20
7597 75 36
7599 44 13
7601 79 40
7601 90 32
7601 97 22
7602 78 58
7606 44 20
7606 51 11
7610 44 15
7620 75 16
7621 97 22
7643 82 28
7644 61 51
7644 77 72
7644 83 17
7644 84 16
7644 96 34
7645 48 48
7645 73 58
7649 49 43
7652 49 64
7652 56 51
7654 83 11
7666 65 13
7666 75 26
7688 60 33
7689 82 25
7689 85 36
7690 73 64
7690 92 37
7690 96 43
7692 75 14
7692 95 10
7709 83 31
7710 79 34
7711 82 29
7712 75 37
7713 56 46
7713 62 35
7714 63 52
7719 49 46
7728 48 34
7732 49 61
7733 80 38
7733 96 40
7734 81 26
7735 63 44
7735 79 31
7735 84 34
7736 66 48
7738 65 62
7740 75 55
7756 94 23
7758 73 51
7774 63 29
7776 62 30
7778 66 30
7778 70 27
7778 80 33
7778 97 20
7779 95 9
7800 85 33
7801 71 16
7801 73 59
7802 82 20
7803 65 15
7803 96 28
7804 75 30
7823 63 46
7823 82 18
7824 56 65
7825 44 54
7834 84 10
7845 70 33
7845 72 24
7845 75 47
7845 94 21
7846 63 28
7848 73 16
7855 72 10
7858 68 67
7869 84 12
7870 94 9
7891 72 56
7891 91 13
7892 90 11
7893 45 47
7893 96 19
7894 44 51
7895 60 38
7906 63 27
7910 75 44
7910 79 36
7911 78 53
7911 82 30
7911 97 23
7912 62 32
7913 91 14
7914 63 62
7914 96 9
7917 44 43
7934 97 21
7936 44 41
7952 82 34
7954 44 47
7954 70 52
7955 77 39
7955 86 12
7957 79 38
7957 97 23
7958 68 55
7959 58 56
7959 78 46
7962 70 48
7963 58 53
7973 57 54
7975 72 23
7977 57 57
7978 97 18
7979 56 52
7984 57 57
7987 70 38
7988 57 57
7991 57 52
7993 58 39
7996 58 37
7997 77 58
7998 57 38
7999 73 59
7999 84 19
8000 59 34
8000 65 67
8000 96 28
8001 46 65
8001 70 42
8011 68 26
8015 53 52
8020 81 15
8020 87 17
8020 93 17
8032 72 26
8043 73 67
8043 82 27
8043 92 37
8044 80 31
8044 96 43
8045 70 44
8045 78 42
8065 79 39
8067 61 28
8073 61 29
8087 80 32
8088 61 30
8089 84 36
8089 93 16
8090 53 32
8108 46 50
8110 75 48
8111 94 18
8127 58 63
8132 67 22
8132 92 30
8135 96 9
8137 65 27
8154 91 36
8155 72 67
8164 53 19
8175 65 34
8177 41 66
8181 58 48
8183 91 11
8184 58 46
8185 69 29
8185 75 12
8186 70 29
8187 58 43
8188 69 26
8191 60 37
8196 59 45
8197 67 43
8197 76 15
8198 60 42
8222 77 36
8222 81 13
8222 87 24
8222 93 23
8235 91 9
8242 75 42
8243 68 54
8244 54 65
8244 81 22
8244 91 38
8248 81 18
8249 54 65
8254 90 12
8263 81 10
8266 56 41
8269 56 45
8269 60 25
8277 56 48
8282 56 43
8285 85 34
8285 92 34
8286 60 19
8286 73 65
8293 75 15
8302 60 38
8304 75 16
8304 79 35
8305 72 79
8307 93 17
8308 56 36
8308 60 42
8308 87 11
8310 81 10
8313 56 32
8316 87 15
8328 70 77
8328 75 27
8328 89 53
8332 72 60
8348 87 11
8352 42 62
8352 53 38
8352 61 40
8357 53 44
8373 68 35
8373 73 41
8377 77 9
8380 68 34
8381 89 11
8382 61 14
8389 70 19
8393 94 23
8394 61 21
8394 78 32
8395 66 45
8395 88 21
8397 70 23
8399 92 13
8414 82 16
8415 75 33
8415 80 26
8416 55 54
8416 72 66
8416 88 15
8416 91 38
8417 68 48
8418 56 47
8418 94 12
8420 55 53
8421 66 40
8422 56 53
8425 55 54
8425 61 18
8428 82 12
8429 55 56
8433 55 58
8437 55 60
8439 70 25
8441 55 58
8444 70 25
8445 55 53
8449 55 52
8451 70 23
8452 66 33
8454 55 56
8458 55 60
8460 71 42
8461 84 27
8461 91 27
8462 54 65
8462 72 49
8463 68 27
8464 73 63
8464 92 33
8467 42 58
8468 75 12
8470 70 20
8476 70 49
8478 55 53
8483 72 68
8483 77 35
8484 58 55
8484 91 36
8487 68 21
8491 92 25
8492 68 22
8493 70 48
8494 58 49
8494 66 26
8501 58 44
8505 61 28
8506 67 60
8506 75 20
8506 80 66
8507 58 42
8507 87 49
8509 68 66
8509 96 16
8512 70 33
8514 58 45
8518 58 40
8521 58 42
8525 58 34
8527 77 34
8528 83 24
8529 65 33
8530 41 51
8530 49 49
8530 56 54
8530 75 21
8531 70 36
8532 65 30
8533 71 30
8534 56 56
8535 65 21
8536 70 35
8537 56 55
8540 70 30
8542 71 25
8543 81 14
8544 37 26
8546 71 24
8550 55 45
8551 44 54
8551 63 48
8552 82 20
8553 61 43
8555 63 48
8556 61 47
8556 83 17
8557 44 49
8557 71 22
8557 84 9
8559 63 46
8562 71 21
8563 49 50
8564 63 41
8567 56 46
8568 49 54
8570 71 21
8573 73 78
8574 71 20
8578 49 55
8578 71 18
8583 49 57
8583 71 15
8588 49 67
8588 83 20
8595 92 52
8596 75 38
8596 101 19
8597 65 50
8597 81 19
8597 93 19
8600 50 66
8601 49 65
8601 71 17
8606 49 64
8613 49 62
8617 61 38
8622 49 48
8626 53 50
8629 45 36
8629 53 45
8629 56 42
8632 44 30
8634 53 42
8634 56 41
8635 44 32
8636 92 32
8637 56 46
8640 49 45
8642 68 30
8649 49 49
8652 49 55
8652 56 38
8655 56 42
8659 72 77
8659 91 54
8659 100 20
8664 49 57
8665 56 40
8670 49 60
8672 56 33
8681 92 37
8682 85 24
8683 73 65
8688 56 39
8688 73 61
8699 73 70
8701 56 20
8703 66 34
8704 61 52
8704 76 37
8704 78 58
8704 81 31
8705 55 30
8705 70 26
8706 42 67
8706 83 22
8725 68 37
8748 92 38
8749 70 35
8749 77 66
8749 81 24
8749 96 44
8750 79 39
8750 84 21
8751 94 23
8752 78 57
8752 82 20
8752 88 21
8754 77 58
8766 82 19
8775 80 27
8775 83 29
8775 94 45
8776 72 35
8776 75 65
8777 82 20
8778 73 63
8781 77 32
8784 82 11
8797 82 16
8819 92 32
8822 42 30
8825 42 57
8839 55 47
8839 70 17
8839 94 25
8840 82 26
8840 88 22
8844 92 15
8860 77 60
8862 68 47
8862 96 27
8863 83 22
8864 75 60
8868 68 38
8874 88 17
8883 56 41
8883 72 29
8883 82 33
8884 63 57
8884 68 50
8884 90 21
8885 44 68
8885 55 67
8886 73 23
8886 77 38
8886 88 20
8887 56 66
8888 44 65
8888 91 11
8890 72 17
8894 88 20
8897 72 16
8903 88 17
8906 79 18
8907 70 24
8911 87 11
8915 88 10
8918 84 20
8923 80 30
8927 90 22
8937 80 59
8938 87 36
8943 90 19
8945 67 51
8945 71 19
8966 78 54
8966 82 25
8967 97 28
8976 84 10
8987 87 41
8988 90 40
8988 97 25
8989 75 20
8989 78 58
8993 84 11
8997 75 22
9004 63 11
9009 75 51
9009 85 20
9010 84 27
9010 94 22
9010 98 15
9011 56 69
9011 97 22
9011 99 20
9012 65 36
9013 45 31
9013 101 9
9015 44 41
9015 63 18
9033 97 27
9044 63 19
9055 61 44
9056 73 65
9056 77 58
9056 82 21
9057 49 46
9057 96 29
9059 75 21
9064 49 69
9067 83 9
9079 75 13
9099 85 39
9100 73 70
9100 80 31
9100 92 38
9101 96 25
9120 83 24
9121 96 27
9127 56 22
9133 56 56
9145 80 25
9146 96 19
9158 49 63
9166 75 48
9167 94 17
9187 66 22
9187 74 37
9187 80 34
9187 92 42
9187 97 20
9188 72 35
9188 85 32
9188 95 11
9189 73 55
9189 75 39
9204 77 53
9211 80 26
9211 96 25
9231 64 31
9233 63 48
9233 82 11
9234 44 45
9237 44 45
9238 73 9
9240 44 50
9242 75 59
9248 72 16
9253 70 39
9254 44 49
9255 94 20
9257 77 23
9257 79 9
9271 43 36
9273 44 46
9274 79 9
9277 70 29
9278 43 43
9280 44 62
9289 70 21
9291 90 11
9296 79 42
9297 72 67
9298 67 57
9298 80 68
9298 87 51
9299 65 29
9300 61 32
9300 68 64
9300 96 20
9301 44 62
9301 77 13
9302 60 49
9319 78 52
9320 75 40
9320 97 25
9321 82 22
9321 91 13
9322 44 61
9324 63 53
9332 60 30
9336 78 56
9342 97 21
9344 67 42
9361 82 28
9363 70 50
9364 58 58
9364 77 34
9364 86 19
9365 97 23
9367 68 61
9380 77 33
9386 57 53
9386 90 31
9386 97 25
9387 78 50
9388 58 47
9393 70 40
9394 44 51
9397 57 59
9398 70 39
9399 56 56
9403 70 36
9404 57 54
9407 72 34
9408 58 64
9408 74 39
9408 77 69
9409 65 53
9409 96 33
9410 73 58
9411 45 60
9412 78 38
9417 45 59
9420 46 66
9429 93 23
9430 53 51
9430 81 17
9430 87 24
9432 68 13
9437 70 15
9440 72 28
9451 73 68
9452 80 29
9452 82 29
9452 92 37
9452 96 44
9474 62 17
9474 84 23
9474 97 20
9496 74 50
9496 80 40
9496 84 28
9497 85 38
9498 73 57
9501 62 13
9520 73 62
9520 75 51
9520 94 20
9525 53 22
9538 62 16
9541 70 51
9542 45 45
9542 58 64
9542 92 32
9544 46 38
9547 46 54
9547 62 12
9561 62 13
9565 91 34
9566 72 61
9567 75 23
9573 65 22
9577 53 16
9581 62 25
9588 60 53
9589 41 61
9592 41 61
9593 75 13
9601 69 20
9608 67 41
9615 76 11
9638 81 11
9643 67 28
9650 77 19
9654 68 51
9654 72 67
9654 91 36
9655 75 39
9656 81 16
9657 60 32
9663 60 31
9676 90 9
9678 56 42
9678 65 17
9682 65 48
9689 56 37
9690 81 11
9693 75 17
9695 56 46
9695 91 46
9697 53 65
9698 60 15
9698 92 21
9699 85 23
9705 75 16
9707 73 43
9714 41 39
9715 72 38
9719 79 31
9721 68 26
9721 71 47
9721 81 16
9721 84 37
9721 93 17
9722 41 57
9723 72 54
9723 87 16
9724 60 40
9726 55 34
9731 53 63
9742 70 69
9742 89 40
9748 81 12
9764 84 17
9765 40 54
9765 61 52
9766 79 10
9767 41 64
9770 42 64
9771 55 38
9784 55 36
9786 77 15
9787 49 49
9787 80 11
9788 42 50
9788 68 44
9800 70 27
9807 70 30
9809 55 23
9809 88 20
9809 92 13
9810 68 32
9826 70 13
9827 82 22
9829 68 49
9831 72 75
9831 75 43
9831 91 51
9832 100 16
9834 77 9
9835 56 52
9836 42 31
9839 56 49
9840 42 43
9843 56 46
9848 66 35
9852 55 48
9852 66 41
9854 56 37
9856 55 46
9860 55 47
9863 55 49
9868 55 52
9872 55 53
9874 54 48
9875 91 23
9876 55 53
9878 54 49
9879 92 33
9880 75 27
9880 85 33
9881 54 51
9881 73 67
9882 42 53
9883 68 31
9884 55 56
9895 55 46
9897 70 58
9898 77 32
9899 58 54
9900 68 29
9900 84 49
9900 91 49
9901 72 72
9901 100 16
9902 61 32
9907 54 59
9909 70 43
9912 58 48
9915 58 45
9917 92 30
9919 58 42
9919 70 50
9922 80 67
9923 87 50
9925 68 67
9926 58 42
9927 42 56
9930 58 42
9933 55 44
9934 77 32
9937 66 30
9940 66 41
9943 83 25
9945 49 59
9946 66 32
9947 70 36
9948 58 36
9948 75 15
9949 72 26
9950 57 44
9951 70 34
9954 56 45
9954 65 18
9956 70 31
9957 56 39
9958 37 23
9961 56 40
9962 81 11
9965 57 46
9966 63 47
9966 84 11
9967 56 50
9967 71 19
9968 49 60
9968 82 18
9972 49 65
9976 63 39
9979 63 37
9987 48 57
9987 73 78
9988 56 36
9988 71 17
9988 77 26
9989 49 61
10000 49 54
10001 71 9
10003 49 53
10009 49 51
10009 92 55
10011 101 18
10012 67 48
10012 77 20
10012 83 19
10012 87 40
10013 56 34
10014 68 56
10015 49 48
10020 49 40
10026 49 63
10034 77 11
10056 87 34
10058 68 58
10077 50 65
10077 56 43
10077 61 55
10077 72 66
10077 83 31
10077 94 19
10078 49 70
10078 77 33
10078 91 38
10081 49 52
10085 49 55
10085 85 17
10091 87 9
10100 85 32
10101 73 64
10113 89 52
10120 82 53
10121 65 30
10121 70 72
10122 90 31
10123 42 64
10123 66 33
10123 78 52
10123 97 26
10124 76 16
10125 80 14
10126 55 38
10145 68 37
10153 70 37
10156 77 68
10156 84 23
10157 80 40
10157 96 44
10160 68 33
10162 42 30
10167 42 48
10167 68 29
10181 70 28
10185 80 29
10186 75 55
10186 94 26
10188 68 24
10190 89 13
10191 77 32
10204 82 10
10205 66 66
10210 68 13
10219 73 72
10220 82 11
10223 54 65
10225 84 19
10225 92 48
10226 101 16
10236 41 28
10241 42 57
10247 94 40
10248 82 39
10248 101 13
10249 88 28
10250 61 39
10252 102 11
10271 54 57
10271 77 18
10280 82 15
10292 45 61
10292 82 37
10292 84 29
10293 63 60
10294 44 69
10294 73 63
10294 81 27
10294 89 19
10294 91 11
10294 92 34
10294 97 30
10296 66 35
10299 66 29
10302 89 20
10312 89 18
10315 70 41
10316 91 9
10321 80 10
10329 87 12
10333 84 35
10334 68 54
10334 77 67
10334 96 45
10335 73 64
10335 79 39
10335 92 33
10338 90 22
10342 70 25
10347 70 33
10348 75 74
10348 90 18
10361 79 32
10361 90 26
10361 94 46
10362 72 38
10364 73 38
10365 55 31
10366 77 31
10367 70 14
10372 70 12
10403 63 11
10422 68 48
10432 63 19
10434 84 36
10435 72 66
10435 91 38
10438 63 10
10451 63 19
10455 92 48
10456 73 73
10457 101 15
10458 44 18
10458 75 37
10465 44 20
10469 44 19
10473 77 41
10477 47 60
10477 70 36
10477 83 32
10478 65 35
10478 84 13
10479 71 35
10479 81 25
10480 49 69
10481 38 36
10485 37 35
10489 37 35
10498 84 21
10500 63 49
10501 48 65
10502 49 64
10507 71 28
10509 49 62
10510 84 14
10512 73 9
10514 49 62
10521 73 34
10521 81 19
10522 49 66
10522 84 11
10526 49 58
10531 49 61
10533 71 25
10536 49 56
10541 49 51
10542 75 15
10545 65 64
10545 81 36
10545 93 43
10546 87 36
10546 91 24
10546 100 13
10547 53 67
10547 72 38
10547 85 11
10548 98 11
10572 61 36
10585 56 42
10586 49 60
10590 75 36
10592 56 53
10595 56 62
10596 49 60
10597 84 9
10600 49 53
10603 49 53
10605 84 9
10606 56 62
10606 90 21
10611 56 63
10612 84 13
10613 45 45
10615 44 57
10615 82 14
10617 63 41
10618 72 18
10619 65 40
10622 63 40
10635 73 23
10636 77 43
10639 56 35
10640 73 53
10643 50 56
10649 50 54
10649 63 30
10652 49 61
10659 65 57
10660 75 18
10660 87 25
10660 93 24
10660 97 21
10661 49 61
10661 61 63
10661 70 30
10661 91 13
10661 95 15
10665 49 58
10665 83 9
10670 49 57
10674 49 50
10679 48 48
10681 53 45
10683 68 27
10684 84 12
10685 44 38
10689 44 32
10693 54 41
10698 49 49
10702 49 50
10706 49 60
10719 56 31
10735 68 19
10740 56 32
10753 56 19
10759 56 24
10767 56 27
10768 44 16
10782 56 22
10785 48 18
10790 48 20
10792 56 17
10816 75 21
10816 78 48
10817 97 21
10827 83 27
10828 79 42
10828 80 50
10829 81 24
10838 81 46
10838 83 32
10838 85 34
10838 94 51
10839 66 17
10839 82 55
10840 42 54
10840 61 44
10841 70 21
10841 80 22
10861 68 33
10884 78 36
10885 66 51
10886 88 19
10888 42 31
10889 92 10
10900 82 33
10907 70 52
10907 77 36
10909 58 57
10910 84 63
10911 54 42
10920 92 13
10922 54 40
10924 42 14
10929 54 39
10962 85 54
11010 79 52
11010 83 38
11010 92 52
11012 80 59
11035 65 28
11035 69 26
11035 72 25
11036 60 39
11037 41 62
11061 68 23
11065 68 24
11067 60 37
11069 68 23
11073 60 38
11073 68 21
11079 65 50
11081 81 14
11081 87 24
11081 93 20
11102 40 31
11102 68 55
11102 75 36
11104 41 29
11104 56 57
11107 60 30
11108 41 29
11109 56 55
11111 41 30
11115 56 54
11117 90 12
11120 56 50
11128 56 48
11129 60 25
11134 60 26
11136 56 46
11141 56 44
11145 60 24
11149 56 42
11151 60 22
11154 56 38
11157 56 43
11162 60 21
11167 60 19
11170 56 38
11173 60 17
11176 41 12
11178 56 37
11184 60 15
11186 56 31
11190 60 18
11190 75 44
11192 94 11
11196 60 12
11201 60 20
11202 77 57
11202 79 30
11203 96 29
11207 56 25
11208 60 10
11214 66 25
11214 83 19
11215 61 46
11215 70 26
11215 78 52
11215 97 28
11216 42 66
11216 55 22
11217 80 17
11226 77 36
11228 78 27
11233 78 33
11236 68 38
11237 77 34
11239 78 38
11258 74 24
11258 83 16
11259 77 52
11259 96 27
11260 66 47
11260 82 28
11260 88 22
11279 89 21
11281 77 55
11283 70 48
11284 58 49
11284 75 53
11285 42 28
11286 54 45
11287 61 32
11288 58 50
11291 61 33
11294 54 36
11301 54 37
11304 42 24
11312 61 27
11326 54 30
11328 58 36
11329 61 26
11329 73 62
11330 92 32
11337 61 23
11343 42 17
11356 61 20
11375 61 22
11375 79 44
11375 83 31
11375 92 39
11376 80 52
11377 75 14
11378 48 26
11379 58 34
11381 61 17
11390 42 15
11399 45 56
11399 78 18
11400 56 58
11400 63 47
11400 72 15
11400 82 21
11402 44 52
11410 78 11
11423 79 13
11425 70 18
11446 55 41
11448 45 40
11448 56 47
11452 44 34
11459 90 14
11469 77 35
11469 82 22
11470 58 55
11472 68 40
11472 86 9
11474 44 35
11474 58 53
11477 58 53
11481 92 13
11484 58 46
11487 58 47
11489 57 50
11491 58 43
11494 58 41
11497 58 43
11499 57 49
11501 58 43
11504 58 44
11506 57 49
11508 58 40
11511 58 38
11513 57 46
11513 68 31
11513 72 62
11513 79 37
11515 58 40
11517 57 46
11523 57 46
11528 60 43
11531 58 46
11538 61 39
11540 44 20
11542 60 39
11544 57 38
11544 70 12
11547 57 37
11547 61 34
11549 56 34
11553 61 33
11559 61 30
11561 58 34
11564 57 33
11565 61 27
11571 57 32
11578 58 29
11581 57 29
11587 67 41
11587 69 31
11587 80 52
11588 57 33
11588 87 36
11589 68 56
11590 56 29
11591 45 12
11598 44 10
11605 57 30
11679 61 52
11679 66 20
11679 80 33
11680 97 13
11688 44 10
11702 79 29
11703 72 55
11709 60 48
11714 61 44
11725 61 50
11726 66 22
11726 80 53
11727 73 62
11727 97 15
11728 95 11
11737 79 12
11746 67 40
11746 69 32
11747 87 36
11748 68 57
11770 66 29
11770 82 46
11770 89 42
11771 61 55
11771 70 73
11771 95 18
11771 97 23
11772 68 43
11773 42 57
11774 66 16
11796 49 29
11797 68 30
11802 68 26
11809 89 10
11815 89 47
11816 78 26
11816 80 36
11817 61 66
11817 88 13
11817 97 23
11818 41 34
11818 95 17
11819 66 40
11821 42 35
11824 42 31
11840 80 35
11841 97 22
11843 55 45
11847 55 44
11849 54 37
11851 42 17
11851 55 43
11854 55 39
11858 55 38
11860 42 10
11862 55 38
11866 55 37
11870 55 33
11885 54 34
11885 80 66
11886 67 56
11886 87 46
11886 89 17
11888 45 31
11888 68 61
11888 95 10
11888 96 13
11892 70 35
11900 54 16
11902 70 26
11904 55 15
11906 77 28
11906 82 22
11907 70 46
11908 58 48
11911 68 32
11922 61 39
11926 61 34
11930 61 28
11930 67 47
11930 78 40
11930 94 20
11932 66 64
11952 69 36
11952 75 24
11952 87 45
11953 48 53
11953 83 22
11954 77 30
11955 38 29
11955 56 47
11955 68 70
11955 96 12
11956 49 46
11956 71 29
11959 70 31
11962 37 21
11962 56 43
11963 70 29
11967 70 27
11976 63 44
11977 44 52
11978 56 53
11978 96 14
11980 44 43
11984 44 40
11989 71 15
11991 44 38
11997 61 39
11997 73 51
11998 49 38
11998 71 15
12002 44 37
12003 71 12
12005 44 34
12010 44 29
12019 71 29
12020 62 46
12020 65 67
12020 75 25
12020 84 41
12020 93 22
12021 56 55
12021 97 17
12022 61 51
12023 95 9
12025 44 34
12032 44 25
12035 90 12
12039 44 25
12057 44 23
12064 44 17
12085 47 31
12086 57 45
12087 45 51
12087 63 48
12087 82 25
12087 90 9
12088 56 52
12089 44 44
12095 78 9
12098 77 23
12106 58 48
12107 68 38
12111 68 30
12123 68 15
12128 66 72
12128 82 24
12128 85 44
12128 89 18
12128 94 33
12129 70 47
12130 58 55
12130 73 24
12131 42 58
12131 92 16
12132 61 40
12135 42 60
12136 61 38
12140 89 26
12148 77 47
12149 84 40
12149 93 20
12150 49 42
12153 65 71
12170 61 31
12173 66 78
12173 94 30
12174 42 37
12174 54 48
12174 61 35
12174 73 62
12174 88 20
12175 92 10
12182 58 35
12189 61 49
12191 58 30
12191 94 13
12194 84 38
12194 89 29
12194 93 22
12195 70 25
12195 77 44
12197 42 30
12198 66 73
12200 65 70
12205 42 20
12211 68 48
12218 53 34
12219 78 44
12219 94 23
12220 61 60
12220 70 32
12220 75 11
12220 95 19
12221 44 49
12221 56 51
12221 66 70
12223 89 13
12225 84 11
12238 84 37
12238 89 24
12238 93 21
12239 77 40
12240 65 69
12262 75 29
12263 60 36
12264 95 18
12265 61 55
12265 75 51
12265 97 20
12271 84 10
12273 44 25
12281 90 11
12286 82 35
12287 91 11
12288 97 9
12290 63 69
12292 44 22
12308 77 39
12309 48 48
12310 68 36
12310 71 22
12311 49 47
12311 56 59
12318 37 24
12328 81 13
12329 73 51
12331 50 32
12331 66 52
12331 71 36
12331 84 39
12331 93 17
12331 97 16
12332 44 50
12335 65 63
12336 44 46
12336 61 50
12342 82 13
12348 71 16
12354 61 53
12356 44 41
12356 71 14
12358 82 16
12362 44 39
12364 77 38
12366 71 11
12367 44 34
12372 44 34
12375 53 53
12375 65 55
12375 81 20
12375 87 21
12375 93 22
12377 61 38
12377 72 29
12377 75 36
12381 44 31
12392 44 27
12397 63 33
12397 73 54
12397 80 38
12398 56 52
12398 97 19
12399 61 51
12399 95 13
12401 56 51
12401 84 10
12403 44 27
12404 56 58
12412 56 51
12414 53 41
12417 90 9
12418 72 58
12419 79 32
12422 53 41
12425 44 16
12426 61 51
12427 53 40
12429 44 13
12430 53 36
12431 61 46
12433 56 37
12437 61 62
12439 44 17
12443 52 42
12445 70 49
12445 97 14
12448 52 47
12448 79 31
12452 72 42
12454 56 34
12456 52 40
12457 56 38
12459 79 27
12462 56 34
12465 88 26
12466 67 54
12466 80 69
12466 99 22
12467 87 52
12468 68 71
12468 96 19
12470 56 41
12471 70 34
12478 70 30
12488 65 33
12490 66 43
12490 70 82
12490 89 51
12491 42 65
12491 85 19
12492 73 63
12492 83 12
12492 95 21
12492 97 24
12518 68 31
12525 68 28
12533 89 41
12534 56 34
12534 80 35
12535 70 68
12535 78 30
12535 95 17
12535 97 17
12536 66 41
12537 54 39
12538 43 40
12540 42 36
12544 88 13
12560 75 32
12560 97 17
12562 56 42
12562 68 46
12564 55 46
12566 56 40
12568 55 48
12569 42 23
12570 56 32
12572 55 44
12572 68 36
12574 56 33
12576 55 44
12576 66 26
12579 68 31
12580 55 44
12582 42 14
12583 55 42
12584 68 27
12587 55 40
12589 56 32
12593 56 35
12593 66 19
12597 56 30
12599 55 38
12599 66 23
12601 56 36
12601 80 59
12602 67 49
12603 55 42
12603 87 42
12604 68 63
12604 97 12
12605 70 38
12607 55 34
12609 82 10
12611 55 35
12613 56 29
12613 70 29
12616 56 32
12616 70 28
12622 55 38
12623 70 49
12624 77 31
12625 58 52
12627 61 45
12643 68 30
12645 78 40
12646 66 64
12665 61 27
12667 48 46
12667 83 16
12668 57 43
12668 68 64
12668 77 29
12668 87 36
12669 49 43
12669 61 43
12672 70 37
12677 37 21
12677 56 46
12677 70 31
12681 70 27
12682 56 44
12683 37 20
12689 66 47
12690 73 59
12690 75 21
12690 87 41
12691 68 64
12691 71 37
12691 97 11
12692 63 51
12692 82 19
12694 56 52
12694 61 48
12694 77 21
12696 44 47
12697 63 47
12699 61 43
12700 71 16
12702 63 45
12704 61 40
12705 71 12
12707 61 42
12710 63 45
12712 71 11
12713 61 59
12715 44 43
12719 44 41
12721 83 10
12728 44 37
12735 66 39
12735 70 33
12735 75 28
12735 77 40
12735 84 38
12735 93 19
12736 97 17
12737 65 65
12738 45 44
12739 95 10
12740 44 38
12779 44 26
12785 44 19
12795 49 21
12802 49 22
12807 44 60
12809 55 52
12809 75 14
12809 82 19
12810 63 46
12810 68 13
12810 72 17
12829 80 54
12830 67 48
12830 87 39
12832 72 16
12851 45 47
12851 89 53
12852 66 36
12852 70 78
12852 73 57
12852 97 24
12853 61 55
12853 95 17
12854 42 60
12855 68 38
12859 42 56
12862 66 18
12869 68 12
12873 67 31
12880 68 35
12881 73 68
12897 66 53
12898 77 12
12898 88 19
12898 97 35
12899 95 24
12899 99 11
12900 61 76
12904 44 40
12908 42 28
12931 42 16
12945 97 20
12946 95 15
12975 72 65
12975 91 41
12976 87 21
12977 75 44
12979 63 64
12981 70 48
12992 54 51
12992 78 38
12992 88 24
12993 66 64
12993 92 9
12999 73 46
13004 72 42
13007 73 62
13011 84 37
13011 89 25
13012 75 25
13012 77 41
13012 92 29
13012 93 17
13014 65 68
13036 66 53
13038 67 53
13038 75 63
13038 80 27
13038 94 42
13039 56 47
13039 82 13
13039 84 13
13040 66 68
13040 70 28
13041 44 46
13041 55 53
13045 70 12
13056 55 37
13059 70 41
13060 63 39
13060 94 18
13061 51 45
13063 44 37
13066 63 33
13067 51 30
13086 55 48
13086 78 13
13086 80 60
13087 68 51
13088 45 29
13088 56 52
13089 63 23
13089 70 28
13089 94 9
13092 44 23
13094 70 25
13096 44 28
13097 90 14
13104 70 37
13109 67 50
13111 68 59
13113 63 9
13114 44 25
13131 78 60
13131 97 21
13139 51 17
13144 44 21
13154 97 27
13159 51 12
13176 97 29
13200 67 47
13200 97 17
13202 68 52
13223 48 55
13223 96 34
13224 61 53
13224 73 65
13224 77 60
13224 92 28
13225 49 62
13232 56 35
13237 83 9
13268 96 27
13272 95 9
13281 97 9
13289 66 49
13289 82 24
13289 93 21
13290 71 31
13290 80 38
13290 84 41
13291 65 66
13293 56 11
13296 48 45
13298 49 33
13299 56 39
13306 49 62
13313 82 20
13313 96 28
13314 79 35
13314 92 33
13315 84 14
13316 80 46
13316 87 30
13317 68 54
13338 75 56
13338 94 18
13360 63 66
13360 82 32
13361 91 11
13373 80 13
13382 77 57
13383 96 29
13405 57 39
13406 68 15
13406 82 11
13407 56 46
13412 44 29
13415 44 27
13423 57 16
13426 56 33
13428 79 24
13429 51 44
13429 70 38
13429 94 22
13431 45 26
13432 56 27
13436 51 26
13437 80 11
13442 56 56
13450 65 14
13451 43 31
13453 44 45
13453 70 28
13453 84 13
13464 80 67
13473 84 17
13473 91 17
13474 72 61
13474 96 18
13475 68 68
13475 90 18
13476 44 52
13476 61 31
13478 60 42
13489 63 26
13493 63 57
13495 90 27
13495 97 23
13496 78 62
13496 82 25
13497 56 54
13499 44 45
13501 91 12
13519 67 47
13519 97 23
13520 82 13
13539 82 36
13540 58 57
13542 68 55
13542 86 11
13542 97 23
13544 89 9
13545 44 44
13549 84 10
13562 76 20
13562 97 27
13564 68 58
13566 43 31
13568 44 36
13570 58 40
13571 77 13
13572 57 48
13573 70 36
13574 58 42
13577 58 46
13577 78 31
13581 58 40
13585 58 40
13585 77 60
13587 73 59
13587 96 26
13588 46 61
13588 65 55
13588 70 42
13588 84 21
13592 86 9
13602 80 12
13608 80 9
13609 93 14
13610 53 44
13610 81 13
13610 87 12
13622 72 24
13628 73 68
13630 70 50
13630 92 39
13630 96 32
13631 80 30
13632 58 67
13634 53 41
13635 86 9
13647 96 10
13652 80 31
13653 96 25
13663 61 23
13666 45 30
13669 46 59
13676 80 33
13676 84 34
13677 66 37
13678 93 15
13679 65 56
13694 53 28
13698 75 53
13699 94 23
13700 53 31
13720 67 18
13722 92 27
13725 86 10
13727 65 25
13744 72 60
13744 91 34
13746 65 35
13746 92 10
13767 53 60
13768 41 58
13768 58 48
13772 41 60
13772 75 9
13775 58 40
13775 69 24
13781 60 35
13787 59 31
13787 67 34
13789 58 20
13798 60 23
13804 41 32
13812 42 36
13812 77 34
13812 81 21
13813 72 33
13813 87 19
13813 93 21
13814 41 50
13815 60 28
13832 84 51
13832 91 51
13832 93 14
13833 72 72
13833 74 30
13833 100 16
13835 68 46
13835 75 23
13835 81 14
13836 53 57
13838 60 24
13846 60 35
13871 56 31
13874 56 32
13874 75 10
13874 84 33
13875 72 51
13875 91 21
13877 92 26
13878 73 58
13880 53 51
13887 40 18
13891 41 57
13896 79 38
13897 72 80
13899 61 30
13899 68 19
13902 60 38
13904 56 29
13908 53 60
13920 82 37
13920 89 36
13921 70 66
13943 66 21
13944 42 58
13946 61 50
13948 55 16
13964 42 54
13964 68 38
13964 89 13
13965 70 34
13970 77 10
13986 82 24
13987 53 41
13987 66 55
13987 70 16
13988 88 18
13989 54 61
13993 92 13
14008 94 12
14009 82 18
14010 91 38
14011 72 65
14031 70 14
14034 82 12
14043 54 66
14050 91 36
14057 82 9
14057 92 29
14058 85 29
14060 42 57
14060 72 64
14061 73 61
14067 72 53
14074 72 64
14075 70 44
14076 58 54
14076 77 28
14079 66 41
14083 92 13
14089 92 24
14099 80 66
14099 82 10
14100 58 45
14100 87 48
14101 68 67
14101 96 18
14105 70 36
14109 58 44
14118 58 39
14119 78 17
14121 83 24
14122 58 34
14123 49 70
14123 70 34
14125 72 23
14125 77 23
14128 57 45
14128 70 32
14129 75 9
14130 56 42
14132 70 26
14135 56 40
14137 70 23
14140 37 21
14142 65 14
14144 71 14
14145 56 47
14151 71 11
14153 37 10
14157 37 16
14161 37 18
14165 73 66
14173 71 9
14173 77 42
14176 65 12
14188 81 23
14188 93 29
14189 65 54
14189 87 27
14189 91 10
14193 48 68
14194 49 68
14196 50 69
14197 49 68
14201 50 65
14202 49 66
14206 49 60
14209 49 62
14214 53 54
14219 83 10
14227 56 41
14229 49 53
14232 56 39
14232 92 33
14234 37 14
14238 49 55
14241 49 63
14249 37 10
14250 56 31
14254 91 53
14255 57 29
14255 68 37
14255 84 53
14256 72 75
14256 74 30
14256 100 19
14258 75 31
14260 37 15
14265 56 46
14273 56 45
14274 36 10
14276 73 67
14276 92 28
14278 56 47
14283 56 42
14286 56 42
14290 72 51
14295 73 67
14296 84 16
14296 92 31
14300 75 24
14300 78 50
14303 42 53
14305 66 25
14305 70 13
14308 54 65
14322 68 19
14332 77 13
14342 73 53
14343 92 24
14344 77 51
14344 83 12
14344 94 14
14345 80 23
14345 88 14
14345 96 24
14349 94 15
14351 82 11
14359 94 12
14363 88 13
14366 94 25
14368 72 32
14368 75 57
14369 82 23
14384 82 11
14389 73 9
14399 61 18
14403 73 64
14406 54 55
14412 92 31
14414 77 17
14423 42 58
14428 61 9
14428 77 38
14432 70 47
14434 58 52
14445 92 15
14452 58 43
14456 77 47
14456 96 23
14457 75 52
14461 58 42
14479 63 46
14480 57 55
14480 68 27
14480 78 33
14480 94 21
14481 44 53
14481 73 20
14482 56 55
14482 77 39
14483 43 42
14484 72 12
14486 84 13
14487 44 31
14488 80 13
14490 43 32
14491 56 48
14493 44 27
14502 70 35
14503 51 41
14505 44 27
14506 68 22
14508 56 60
14510 51 22
14514 51 21
14519 80 60
14521 68 62
14523 90 12
14532 44 15
14532 70 20
14539 44 29
14541 90 13
14542 70 31
14544 63 28
14549 90 13
14568 70 32
14569 78 58
14570 97 25
14571 84 10
14575 44 50
14591 61 14
14591 83 20
14592 97 28
14597 75 23
14608 75 19
14615 72 15
14616 74 13
14617 97 23
14618 84 23
14619 75 36
14620 63 12
14621 55 27
14625 56 54
14631 78 53
14637 97 27
14638 63 17
14639 75 24
14646 44 20
14652 44 18
14653 75 29
14658 50 46
14660 48 57
14660 61 45
14660 73 62
14661 77 72
14661 83 27
14662 49 43
14662 96 27
14669 49 66
14678 56 41
14706 96 23
14708 95 9
14726 56 14
14727 84 39
14727 92 43
14727 93 23
14727 96 39
14728 65 68
14729 68 23
14729 83 14
14733 56 39
14738 80 54
14750 74 41
14750 96 31
14751 84 18
14752 48 39
14752 73 60
14752 87 40
14753 71 25
14754 49 35
14754 68 59
14760 48 32
14762 49 59
14774 75 55
14774 94 25
14795 82 34
14796 91 13
14796 97 15
14798 63 68
14818 73 46
14819 96 28
14820 80 29
14841 44 57
14852 72 17
14864 51 44
14864 70 35
14864 79 18
14865 80 14
14866 94 18
14867 63 29
14868 77 19
14871 84 9
14880 84 10
14886 68 49
14886 80 67
14887 84 14
14888 94 11
14889 77 14
14890 70 38
14892 44 46
14895 84 9
14902 94 11
14904 90 17
14905 84 16
14909 87 49
14911 68 69
14911 72 29
14912 44 56
14912 56 65
14912 63 20
14912 96 17
14929 78 57
14930 97 20
14931 65 39
14931 82 26
14932 72 21
14932 75 50
14934 63 61
14935 44 49
14952 97 26
14969 82 11
14975 67 42
14975 70 42
14975 85 12
14976 57 64
14976 97 22
14977 68 50
14978 56 57
14980 82 19
14980 84 10
14981 58 45
14983 70 35
14984 58 46
14992 57 47
14992 77 14
14994 56 49
14994 84 9
14996 78 51
14997 97 24
14999 56 58
15000 70 37
15003 87 16
15006 56 56
15007 84 17
15013 44 17
15013 56 58
15018 45 23
15020 84 20
15021 65 47
15021 73 66
15021 77 55
15021 79 32
15022 46 61
15022 96 26
15023 80 38
15034 68 15
15034 80 16
15035 78 24
15041 53 50
15042 81 14
15042 93 19
15043 87 18
15044 68 13
15064 84 21
15065 76 30
15065 78 41
15065 80 26
15065 82 23
15065 89 39
15065 96 27
15066 92 30
15067 77 63
15086 84 27
15087 80 30
15087 92 33
15091 46 38
15094 61 27
15100 46 55
15107 84 23
15108 80 34
15109 96 31
15111 66 44
15112 84 34
15112 93 15
15113 53 25
15113 65 58
15122 53 33
15131 75 53
15131 94 23
15147 58 65
15154 80 9
15154 92 28
15155 67 17
15158 65 23
15176 84 32
15176 91 32
15177 72 75
15197 53 23
15203 41 50
15203 53 66
15204 58 42
15207 58 41
15210 60 39
15215 69 19
15220 67 42
15221 60 42
15224 41 49
15224 81 10
15225 76 12
15246 81 20
15246 93 23
15247 87 19
15253 91 12
15264 93 14
15265 81 24
15267 41 39
15267 68 46
15267 75 34
15267 91 50
15268 100 14
15271 41 44
15303 56 31
15306 56 31
15308 91 43
15310 53 56
15311 76 17
15311 92 31
15312 85 32
15314 73 62
15319 73 63
15322 73 54
15323 41 56
15325 72 64
15328 73 40
15331 79 34
15333 61 24
15334 68 22
15336 60 32
15337 56 27
15341 53 58
15353 70 68
15354 89 39
15374 84 11
15377 40 51
15377 66 35
15378 61 40
15379 41 65
15382 42 67
15383 76 11
15384 89 17
15398 68 35
15399 54 67
15399 61 43
15406 70 34
15411 68 32
15421 94 21
15422 82 26
15422 88 20
15426 42 43
15426 70 23
15432 70 17
15443 72 66
15443 82 19
15443 91 38
15444 68 46
15445 88 12
15446 75 22
15450 42 52
15462 54 65
15464 70 17
15471 82 15
15476 70 11
15480 56 35
15482 91 31
15484 55 46
15488 55 53
15488 85 35
15488 92 29
15489 41 29
15490 54 63
15490 73 62
15497 42 57
15497 68 30
15506 77 31
15507 82 28
15508 70 43
15509 58 49
15509 72 67
15514 66 9
15515 68 11
15519 66 43
15523 92 10
15526 58 42
15530 80 62
15531 87 46
15532 58 33
15533 68 64
15534 96 14
15535 58 38
15539 58 39
15543 58 38
15546 70 34
15547 61 24
15552 58 37
15554 77 27
15554 83 18
15555 55 42
15556 49 68
15557 70 34
15564 56 47
15564 75 9
15566 70 23
15572 65 13
15576 75 10
15579 71 14
15582 77 15
15598 73 64
15599 68 49
15602 71 9
15604 65 16
15618 77 16
15620 83 12
15620 92 33
15621 65 53
15621 81 23
15621 87 25
15621 93 24
15623 50 69
15624 49 68
15626 91 9
15627 48 66
15628 49 65
15630 50 67
15631 49 66
15635 61 39
15636 49 63
15640 49 55
15643 49 54
15645 53 53
15656 53 50
15658 56 40
15660 87 10
15665 92 32
15668 49 56
15672 49 54
15675 49 60
15679 56 40
15688 72 63
15688 75 35
15688 91 36
15689 56 54
15692 56 51
15693 49 62
15697 56 40
15700 56 43
15708 73 67
15708 92 32
15726 56 30
15731 56 33
15732 66 21
15732 75 26
15732 81 26
15732 83 16
15732 97 30
15733 42 58
15733 70 21
15733 78 50
15769 79 32
15769 82 19
15769 92 34
15770 77 59
15770 96 30
15771 68 43
15772 42 45
15775 61 24
15795 61 49
15796 82 20
15801 75 53
15803 54 61
15803 94 34
15807 88 19
15825 82 17
15841 88 12
15844 73 61
15844 92 32
15846 41 15
15846 82 10
15849 42 49
15870 68 45
15871 42 55
15872 77 22
15876 54 62
15887 82 18
15888 88 20
15888 94 22
15907 77 10
15910 68 21
15911 82 23
15911 84 24
15911 92 36
15912 63 39
15912 73 64
15912 81 31
15913 44 52
15914 55 56
15916 44 53
15922 82 10
15944 80 12
15948 56 61
15956 77 54
15956 79 29
15956 87 16
15956 92 32
15957 96 27
15961 43 41
15963 44 44
15966 84 10
15973 87 36
15975 90 18
15981 70 36
15983 57 57
15983 94 28
15984 63 17
15984 75 53
15988 58 38
15991 58 37
15993 57 47
15998 58 33
16001 58 35
16010 57 44
16012 56 44
16017 57 46
16022 68 33
16034 56 46
16037 70 13
16039 56 45
16046 56 47
16051 68 35
16056 79 38
16056 84 35
16057 72 78
16057 94 10
16058 61 30
16061 60 47
16063 68 38
16080 85 34
16080 92 32
16081 56 47
16082 73 67
16086 63 14
16088 72 52
16089 44 13
16093 72 55
16096 44 49
16099 73 38
16100 60 25
16102 65 25
16102 83 20
16104 49 53
16104 72 43
16105 56 32
16107 73 36
16108 56 56
16113 71 18
16115 37 15
16121 37 20
16127 63 40
16128 49 52
16129 71 14
16129 82 9
16133 49 56
16134 63 35
16134 71 14
16137 49 57
16139 71 14
16143 49 57
16147 48 60
16147 61 51
16148 49 61
16150 77 40
16158 49 52
16168 49 45
16171 65 50
16171 81 19
16171 87 23
16171 93 20
16172 53 53
16176 72 27
16186 72 30
16199 49 55
16202 49 60
16206 49 56
16209 49 59
16214 75 35
16216 56 58
16216 84 14
16218 49 55
16219 56 57
16221 49 53
16225 49 46
16227 56 47
16228 49 45
16235 56 54
16236 90 10
16239 77 15
16240 63 36
16243 44 42
16247 56 42
16248 44 43
16250 56 33
16251 48 46
16256 48 47
16257 65 24
16259 61 61
16260 50 45
16260 77 37
16264 56 29
16266 49 43
16267 56 47
16270 83 13
16272 49 52
16280 65 52
16284 70 22
16284 80 33
16284 87 20
16284 93 22
16285 97 15
16286 53 54
16286 68 34
16286 95 12
16354 53 30
16357 53 34
16373 53 26
16386 53 18
16396 73 60
16397 92 30
16398 53 13
16421 72 60
16421 91 32
16444 92 27
16445 73 56
16467 66 59
16467 81 15
16468 54 45
16468 82 17
16468 88 15
16468 97 15
16491 61 35
16514 74 20
16514 77 49
16514 82 16
16515 96 25
16516 85 31
16517 94 9
16542 75 53
16542 94 24
16544 77 39
16591 73 55
16592 92 25
16666 73 42
16670 75 29
16670 78 41
16671 56 42
16671 97 13
16700 63 28
16720 77 53
16720 80 45
16721 96 26
16723 87 31
16724 68 54
16751 72 29
16751 75 53
16751 94 23
16752 63 9
16753 70 46
16786 72 40
16889 80 35
17020 73 62
17020 92 32
17126 69 34
17126 73 56
17126 80 48
17127 48 52
17128 61 38
17128 65 54
17128 68 64
17128 83 16
17128 84 29
17128 87 31
17129 56 34
17129 93 12
17135 49 31
17135 71 15
17140 37 14
17173 55 40
17173 63 39
17175 44 46
17175 56 46
17175 82 11
17214 73 18
17214 77 20
17216 44 30
17216 61 28
17222 44 31
17224 68 12
17227 44 27
17232 44 26
17257 53 18
17267 53 14
17272 53 10
17282 44 18
17305 68 12
17312 44 10
17326 44 9
17345 56 10
17350 56 9
17423 49 12
17430 49 10
17447 49 9
17455 65 36
