0 69 48
0 83 61
1 79 50
308 69 40
338 79 53
339 83 56
396 69 14
402 81 65
403 70 23
404 76 48
405 66 25
405 83 18
408 67 18
444 67 9
457 67 13
459 81 10
466 76 29
475 81 11
530 76 19
617 76 10
832 88 48
833 79 44
833 83 48
834 69 40
873 83 19
1155 69 45
1181 71 22
1181 79 48
1181 83 48
1181 88 33
1220 83 20
1243 67 43
1243 71 16
1244 76 48
1244 86 50
1245 81 66
1276 67 23
1297 81 13
1306 76 27
1316 81 13
1370 76 18
1457 76 10
1717 79 53
1718 57 44
1718 81 18
1719 69 44
1719 83 55
2001 69 43
2032 79 49
2033 83 59
2111 81 53
2112 76 45
2113 55 40
2113 74 10
2174 76 25
2239 76 16
2571 79 55
2572 83 47
2573 57 44
2612 83 18
2634 81 70
2636 72 16
2636 84 55
2698 81 27
2713 84 20
2727 81 15
2843 83 60
2844 86 51
2906 81 52
2906 84 47
2910 55 39
2910 83 23
2911 67 43
2911 74 12
3031 83 51
3032 79 42
3071 83 20
3135 79 46
3135 83 57
3136 71 19
3251 79 47
3252 71 20
3252 83 58
3254 57 46
3254 81 15
3315 77 48
3315 81 52
3376 81 9
3437 79 48
3437 83 49
3476 83 21
3555 83 49
3557 79 61
3558 69 42
3595 83 58
3612 66 26
3613 55 42
3613 82 30
3614 48 16
3614 74 18
3669 74 18
3670 66 22
3670 71 22
3670 77 53
3671 69 24
3671 81 53
3731 81 10
3743 77 11
3809 79 50
3811 83 55
4016 81 49
4029 83 59
4030 71 18
4046 84 68
4048 57 47
4048 66 16
4050 69 47
4050 83 26
4060 83 29
4118 84 17
4129 84 24
4167 84 20
4282 72 13
4282 85 23
4282 86 63
4306 86 31
4411 84 61
4486 84 27
4496 83 61
4497 71 17
4507 81 65
4525 55 44
4525 74 18
4580 81 13
4582 74 11
4696 81 54
4902 79 49
4930 81 55
4961 71 21
4961 83 60
4964 57 44
5086 81 52
5176 70 20
5176 81 70
5240 81 27
5268 81 55
5313 81 12
5329 81 9
5341 81 9
5383 81 66
5384 67 22
5385 55 40
5385 74 11
5439 81 11
5455 81 11
5477 67 40
5477 70 27
5477 81 68
5485 55 20
5511 67 21
5541 81 24
5573 81 54
5652 81 11
5730 79 45
5760 70 19
5760 81 68
5776 79 17
5823 81 24
5853 81 13
5878 74 44
5879 65 14
5879 69 43
5881 57 43
5883 45 23
5884 64 20
5904 45 9
5905 73 18
5939 71 66
5953 69 23
5992 69 18
5999 74 14
6017 57 20
6122 69 49
6137 71 19
6143 71 20
6151 71 22
6156 71 21
6164 71 19
6172 71 13
6194 71 17
6315 67 26
6316 69 16
6351 67 34
6351 69 52
6352 72 19
6353 74 42
6354 55 31
6355 62 34
6356 42 31
6358 55 18
6359 43 33
6398 55 49
6418 74 15
6421 62 9
6426 69 29
6448 62 16
6450 71 60
6507 74 11
6540 71 65
6666 71 23
6775 57 41
6775 76 33
6776 64 61
6777 73 13
6782 45 24
6805 69 44
6808 73 11
6811 45 16
6834 45 16
6836 71 68
6837 57 46
6838 81 17
6851 45 14
6975 76 65
7016 57 51
7045 64 20
7048 71 31
7062 64 18
7116 76 31
7117 79 66
7135 76 9
7152 76 31
7172 76 32
7229 79 14
7272 76 20
7272 79 11
7300 79 65
7301 71 18
7302 67 25
7303 55 28
7304 62 30
7305 41 29
7307 43 33
7308 71 10
7332 77 54
7350 55 51
7365 62 19
7365 74 19
7396 76 46
7456 76 40
7459 79 10
7488 67 29
7489 55 46
7489 74 10
7514 76 71
7546 62 21
7553 62 12
7605 56 36
7606 74 13
7607 55 43
7636 77 69
7667 79 68
7674 76 41
7733 55 48
7733 74 20
7794 45 34
7794 64 65
7794 69 35
7795 74 17
7798 57 47
7798 73 16
7802 45 31
7824 59 33
7824 71 42
7830 59 35
7834 59 30
7842 58 31
7854 69 28
7855 58 35
7857 57 41
7862 45 22
7887 67 53
7887 86 18
7888 71 31
7890 45 15
7898 45 13
7914 67 31
7918 69 70
7919 72 39
7919 88 44
7964 45 10
7983 71 69
8040 67 23
8040 72 64
8041 91 25
8045 57 18
8065 69 22
8066 71 38
8080 72 41
8103 57 52
8104 81 24
8105 45 13
8110 71 30
8122 71 31
8128 72 35
8171 71 24
8194 67 53
8194 71 30
8194 86 19
8210 72 27
8220 67 39
8244 71 23
8262 72 21
8263 69 53
8270 72 29
8278 67 46
8300 55 24
8301 42 24
8301 71 28
8301 76 38
8302 64 63
8304 43 27
8308 43 28
8311 67 16
8316 69 10
8346 55 50
8355 74 14
8385 71 19
8385 74 15
8387 64 50
8446 55 53
8447 74 16
8448 64 27
8474 65 49
8474 76 37
8476 64 58
8503 55 48
8503 74 13
8508 83 10
8516 83 10
8532 74 56
8533 61 47
8535 62 60
8535 81 9
8562 64 50
8564 62 55
8576 62 52
8600 62 43
8616 56 38
8618 55 44
8646 64 57
8679 62 54
8683 64 52
8689 62 50
8693 64 57
8734 58 38
8734 71 44
8737 55 21
8738 59 36
8748 55 19
8765 73 21
8766 69 63
8767 57 54
8769 45 18
8769 73 12
8773 73 20
8774 45 11
8822 45 13
8822 72 25
8822 88 28
8825 64 21
8850 71 66
8852 64 21
8882 76 46
8910 79 50
8916 64 12
8945 76 25
8946 81 44
8976 69 11
8992 76 12
9010 76 16
9011 64 18
9012 88 32
9013 83 19
9020 71 23
9099 88 34
9130 86 50
9154 86 12
9194 83 41
9215 69 9
9221 86 62
9222 72 16
9222 85 24
9223 69 16
9235 69 9
9241 83 12
9246 86 29
9258 83 54
9259 70 38
9261 69 42
9388 81 52
9389 67 34
9403 67 10
9426 67 12
9439 67 16
9597 79 25
9625 79 27
9654 79 62
9776 79 47
9803 81 52
9871 69 33
9871 83 49
9910 83 19
10002 81 47
10091 79 45
10124 67 33
10139 67 11
10157 67 15
10171 79 22
10219 81 47
10332 79 51
10525 74 23
10525 81 33
10525 85 12
10526 44 40
10526 57 58
10526 76 36
10527 64 66
10528 73 15
10529 45 38
10531 74 21
10559 79 14
10580 45 14
10581 61 20
10587 45 22
10613 52 19
10621 52 18
10622 45 9
10646 61 17
10765 56 33
10765 69 30
10767 58 35
10767 72 40
10770 60 33
11062 57 53
11062 81 25
11120 72 44
11124 60 36
11130 60 35
11145 60 27
11157 57 29
11175 60 20
11182 66 25
11182 74 42
11184 55 50
11184 62 50
11184 71 25
11186 43 40
11187 72 31
11189 50 43
11191 43 44
11193 72 22
11194 43 42
11197 71 13
11198 50 37
11199 72 18
11201 71 17
11205 43 38
11210 72 12
11212 50 35
11219 50 34
11226 50 34
11227 72 10
11233 50 33
11238 72 11
11240 50 37
11273 55 29
11275 59 21
11284 59 21
11289 59 20
11298 59 19
11305 59 19
11329 55 51
11329 74 66
11342 71 41
11344 59 38
11356 61 54
11357 81 18
11357 90 18
11359 62 66
11414 67 59
11414 72 29
11418 50 20
11419 71 17
11423 50 14
11434 71 78
11477 74 20
11508 79 16
11509 65 33
11509 90 24
11520 55 10
11526 67 21
11622 62 9
11633 69 49
11637 62 10
11689 67 11
11694 67 10
11718 69 25
11762 67 9
11767 62 13
11782 71 15
11827 69 58
11827 76 58
11828 61 34
11828 67 32
11828 72 52
11829 52 37
11829 75 20
11830 44 46
11830 65 33
11831 57 40
11833 52 38
11835 45 45
11835 61 30
11835 74 13
11840 61 26
11857 72 39
11862 73 30
11864 72 32
11865 73 35
11903 72 20
11915 61 14
11923 45 9
11929 61 11
11935 76 29
11942 73 28
11954 71 61
11955 67 39
11956 57 26
11957 64 9
11987 67 24
11991 52 9
12052 76 19
12068 71 14
12092 71 17
12112 76 9
12136 76 16
12155 67 32
12170 67 10
12183 71 36
12184 67 60
12184 76 14
12185 86 22
12188 62 12
12190 57 9
12213 71 61
12252 66 27
12254 58 30
12255 62 28
12255 67 26
12256 41 44
12256 59 36
12258 43 43
12261 50 40
12261 58 33
12263 43 46
12263 59 29
12268 50 35
12275 50 31
12282 50 34
12283 67 45
12307 43 17
12310 55 25
12319 55 25
12325 71 57
12326 59 23
12329 55 25
12335 43 17
12341 67 33
12390 69 48
12393 59 15
12426 71 15
12441 71 72
12451 55 9
12562 69 47
12606 69 34
12611 69 30
12642 69 25
12654 69 51
12656 71 40
12688 71 22
12696 71 27
12742 81 66
12743 70 33
12746 69 39
12746 71 12
12750 76 12
12805 86 53
12870 88 53
12937 69 45
12938 76 29
13000 91 70
13023 69 15
13222 72 9
13222 86 54
13256 67 38
13257 72 16
13258 86 66
13282 86 34
13288 81 48
13290 67 19
13319 86 11
13322 84 59
13323 72 22
13323 79 43
13363 79 25
13391 84 43
13432 84 10
13456 79 42
13485 83 47
13501 79 14
13501 84 40
13521 83 50
13522 84 22
13552 84 55
13571 83 14
13572 86 50
13589 83 25
13618 86 48
13642 86 14
13654 88 52
13665 84 15
13758 86 51
13782 86 13
13803 84 44
13805 69 43
13879 83 47
13918 83 19
13997 83 44
14038 83 13
14141 83 47
14180 83 18
14290 83 43
14320 84 45
14330 83 12
14412 83 43
14446 83 48
14448 67 30
14479 67 15
14486 83 19
14501 67 9
14512 79 47
14573 83 43
14613 83 15
14669 79 34
14684 83 38
14703 84 57
14744 83 9
14832 83 41
14879 83 11
14916 79 43
14961 79 19
15165 57 39
15165 73 38
15169 64 15
15171 76 23
15173 72 33
15174 69 18
15176 57 28
15192 72 27
15208 57 19
15428 76 27
15429 69 26
15431 72 31
15467 57 36
15467 76 45
15468 69 49
15469 56 41
15470 72 48
15471 57 45
15472 64 13
15541 76 44
15542 72 38
15604 76 23
15670 76 9
15689 76 27
15705 69 37
15708 72 38
15747 76 14
15767 69 16
15774 76 11
15802 55 26
15803 42 25
15803 62 28
15803 76 40
15804 65 22
15806 55 52
15806 69 42
15806 72 40
15808 44 33
15815 43 30
15867 76 18
15954 69 38
15954 76 48
15956 72 49
15998 69 48
16059 76 25
16074 72 21
16092 67 39
16092 71 60
16092 74 37
16128 67 13
16142 67 16
16239 71 11
16330 71 51
16388 76 17
16416 76 49
16477 76 26
16527 76 9
16543 76 16
16590 57 53
16591 81 27
16595 73 32
16597 72 45
16598 45 38
16598 65 33
16599 57 54
16600 44 37
16600 64 52
16601 61 43
16602 45 32
16602 74 9
16605 45 35
16607 52 31
16694 52 19
16705 52 18
16719 52 15
16737 72 16
16758 60 12
16773 72 10
16934 57 9
16957 64 12
