0 58 13
42 60 27
73 62 38
105 67 29
161 62 37
193 60 37
202 60 30
226 62 17
226 70 11
242 58 10
289 60 31
319 62 41
352 67 28
412 62 40
442 60 40
451 60 31
454 60 29
472 70 9
492 58 15
503 79 35
534 60 27
565 62 33
598 67 18
626 74 32
657 62 35
658 81 10
686 60 30
719 58 20
733 58 9
778 60 29
807 76 43
810 62 32
835 77 47
836 67 23
864 79 41
865 62 11
893 62 42
918 76 57
923 60 38
943 60 35
948 74 45
950 70 22
967 58 22
971 58 22
979 63 15
1008 60 28
1045 72 20
1047 62 34
1070 62 12
1089 67 25
1116 74 36
1118 76 13
1144 63 29
1146 62 33
1174 60 38
1207 70 11
1218 58 11
1268 60 32
1298 62 34
1330 67 20
1354 70 50
1379 62 41
1413 60 35
1422 60 29
1425 60 26
1435 58 33
1436 77 10
1449 58 23
1456 58 27
1464 76 54
1467 69 26
1468 57 40
1494 58 33
1496 57 31
1509 58 25
1521 77 52
1523 60 37
1548 65 64
1568 58 9
1575 58 13
1575 71 29
1579 72 26
1588 65 22
1595 72 24
1605 60 41
1633 58 29
1633 65 17
1635 86 9
1643 58 19
1648 58 27
1655 58 27
1660 65 16
1661 69 29
1663 57 49
1666 85 9
1691 67 29
1695 56 43
1700 55 33
1719 69 28
1721 56 45
1722 85 10
1723 57 54
1742 57 44
1746 57 47
1753 67 11
1754 57 47
1762 57 43
1768 56 38
1769 69 14
1770 57 42
1774 64 61
1776 56 37
1778 57 35
1802 67 41
1803 86 19
1806 55 17
1811 55 21
1817 56 30
1821 56 29
1825 56 30
1829 56 31
1831 70 22
1832 64 21
1838 58 33
1852 55 15
1859 64 13
1860 69 26
1862 57 48
1866 67 14
1899 67 13
1912 57 35
1919 57 30
1926 56 29
1927 69 54
1929 50 47
1957 60 26
1959 48 46
1969 67 21
1978 48 29
1987 57 38
2013 65 54
2038 62 42
2043 57 46
2054 65 11
2070 65 9
2093 60 41
2095 57 41
2099 57 40
2119 65 61
2149 69 17
2149 72 19
2150 42 33
2150 53 36
2159 41 15
2164 41 17
2170 41 15
2176 60 28
2176 67 30
2179 48 51
2206 57 44
2206 67 18
2213 41 14
2222 48 26
2229 48 23
2231 65 61
2231 72 9
2233 48 24
2239 48 18
2248 47 13
2252 48 12
2262 62 38
2272 65 20
2275 57 16
2279 62 23
2286 62 20
2293 57 40
2293 62 19
2301 62 21
2324 60 39
2357 65 58
2359 60 17
2361 57 12
2371 60 11
2378 57 15
2411 81 28
2413 57 51
2414 50 25
2418 38 28
2440 38 20
2445 64 18
2467 50 20
2473 49 40
2474 62 34
2476 50 48
2507 77 11
2508 51 44
2508 72 12
2510 50 38
2511 65 33
2512 51 46
2514 50 46
2520 50 39
2523 50 44
2532 57 48
2533 76 54
2562 57 44
2566 57 45
2581 50 15
2586 50 24
2588 64 59
2616 50 21
2617 60 44
2625 50 24
2644 57 57
2646 85 24
2647 64 22
2674 65 22
2675 72 18
2677 76 63
2679 65 40
2703 71 31
2705 84 11
2707 72 30
2726 72 14
2729 60 43
2731 79 10
2735 57 35
2739 60 34
2741 50 11
2760 74 50
2761 61 20
2762 71 23
2763 44 37
2765 43 36
2766 62 46
2771 55 16
2772 43 32
2784 43 32
2789 50 62
2791 69 22
2791 84 15
2819 70 66
2820 67 31
2823 67 22
2825 89 15
2827 67 46
2855 77 13
2856 67 53
2899 69 34
2899 72 17
2899 81 44
2900 57 61
2900 67 39
2901 38 40
2909 66 17
2928 76 16
2929 64 32
2937 44 39
2945 44 32
2950 50 25
2953 38 12
2956 49 39
2958 50 57
2972 38 11
2988 77 16
2989 72 16
2991 65 44
2993 50 48
2994 81 10
2995 51 50
2997 50 48
2999 62 12
3000 50 50
3007 50 45
3007 57 58
3010 50 47
3015 76 61
3017 85 17
3043 50 30
3043 84 16
3045 57 54
3045 72 21
3047 79 13
3048 57 56
3057 50 30
3069 64 67
3070 83 13
3073 50 35
3099 60 40
3102 50 28
3106 60 33
3115 57 30
3119 60 26
3124 57 29
3128 69 25
3128 72 9
3130 57 47
3130 85 17
3155 52 30
3156 77 15
3157 72 10
3159 65 41
3161 53 38
3161 81 9
3163 45 11
3166 57 34
3171 76 22
3172 53 33
3174 57 32
3183 71 34
3184 56 30
3186 57 44
3186 72 33
3189 85 13
3203 72 22
3212 76 61
3213 57 43
3214 72 30
3215 44 19
3217 57 48
3242 66 13
3242 74 44
3244 71 31
3244 76 39
3245 42 32
3246 57 33
3246 67 11
3248 62 23
3249 43 32
3254 42 29
3256 43 30
3268 42 30
3270 43 37
3273 50 61
3274 69 22
3274 84 14
3301 70 61
3306 67 47
3340 86 30
3342 70 28
3380 67 30
3396 79 38
3398 55 30
3401 46 14
3409 49 17
3428 71 13
3428 74 13
3433 62 21
3437 55 32
3456 79 12
3457 71 21
3459 52 45
3465 52 46
3468 52 44
3473 64 20
3474 52 43
3474 71 11
3476 62 24
3481 64 28
3484 67 25
3487 55 31
3488 64 27
3489 54 41
3492 54 40
3495 54 40
3497 55 34
3500 55 35
3503 55 34
3504 64 11
3506 55 32
3508 54 29
3509 55 36
3512 86 16
3513 74 35
3514 64 21
3514 70 18
3518 56 30
3519 70 11
3540 62 45
3542 81 10
3543 67 11
3556 55 34
3559 55 34
3562 55 34
3566 76 24
3567 55 35
3567 64 51
3574 55 37
3575 43 9
3583 64 32
3586 62 31
3588 64 29
3593 63 37
3594 74 12
3595 62 45
3595 81 12
3623 70 14
3624 62 24
3626 55 29
3632 55 21
3643 62 19
3647 63 37
3649 62 39
3661 70 42
3674 58 29
3676 62 25
3692 55 21
3699 74 39
3701 67 23
3702 55 40
3736 42 38
3736 53 39
3737 72 26
3738 69 20
3740 53 39
3741 41 30
3745 41 22
3750 41 24
3756 41 19
3762 72 25
3763 60 31
3763 67 35
3765 48 55
3782 47 32
3787 41 17
3791 53 27
3792 69 56
3794 52 35
3796 53 35
3799 53 34
3803 65 39
3809 48 34
3811 53 32
3822 86 22
3823 79 12
3825 57 47
3826 48 21
3826 67 39
3833 48 21
3838 47 13
3842 65 23
3846 48 9
3850 67 30
3852 46 36
3852 64 60
3853 69 56
3854 45 30
3861 45 21
3870 45 21
3879 52 47
3911 57 45
3914 52 30
3919 52 30
3926 52 41
3929 69 57
3945 57 37
3961 50 45
3962 65 71
3962 74 14
3964 50 53
3967 57 12
3990 72 11
3999 50 45
4006 50 40
4009 50 43
4016 50 38
4016 69 19
4017 57 45
4017 62 47
4021 65 31
4023 50 35
4035 81 14
4043 77 16
4044 51 37
4044 65 68
4044 72 26
4049 81 18
4053 62 12
4055 52 31
4063 81 12
4073 74 26
4073 81 20
4074 62 47
4075 71 19
4079 43 27
4083 54 16
4085 43 26
4102 65 15
4105 53 29
4106 72 10
4108 65 31
4115 53 25
4119 53 27
4124 53 20
4129 43 13
4133 55 29
4150 43 9
4160 70 21
4163 86 9
4175 55 14
4192 60 47
4195 64 11
4196 55 45
4222 71 20
4222 74 22
4223 48 29
4226 43 31
4229 43 31
4246 62 27
4260 71 23
4262 62 30
4265 62 33
4267 64 33
4268 52 47
4271 52 46
4278 62 29
4279 71 15
4280 55 42
4281 62 26
4283 52 42
4288 62 24
4293 64 25
4297 54 43
4298 64 31
4298 71 10
4302 67 20
4303 54 41
4303 70 18
4304 62 25
4305 55 41
4306 43 22
4306 64 20
4308 55 42
4311 55 39
4312 64 15
4314 55 37
4317 55 36
4317 71 14
4320 55 34
4321 64 18
4323 55 32
4340 52 23
4367 52 18
4368 43 15
4385 43 14
4393 84 45
4394 53 35
4394 63 21
4394 72 18
4394 75 39
4395 42 34
4395 57 36
4398 57 39
4399 42 31
4403 72 13
4404 48 28
4418 57 35
4419 48 21
4426 42 39
4427 65 17
4428 57 38
4432 42 29
4437 41 30
4441 57 37
4458 41 14
4461 75 11
4464 49 38
4464 60 26
4465 67 25
4467 48 48
4476 75 11
4484 75 21
4492 63 42
4493 50 49
4495 51 51
4508 60 17
4509 51 48
4516 51 40
4516 79 42
4519 67 38
4523 50 39
4525 51 39
4527 60 11
4535 51 42
4549 56 35
4549 69 17
4551 57 50
4557 51 36
4566 67 16
4568 79 16
4570 51 37
4578 60 42
4579 67 18
4584 50 31
4584 57 39
4586 51 32
4586 75 12
4588 60 33
4589 57 37
4592 69 13
4593 57 37
4594 75 11
4596 51 27
4597 57 36
4600 51 29
4602 57 36
4605 51 26
4605 64 47
4606 56 31
4606 75 20
4607 63 53
4611 57 30
4613 51 28
4618 51 31
4626 51 28
4636 67 35
4639 51 23
4646 51 23
4646 56 22
4653 51 22
4658 56 19
4659 51 23
4663 63 42
4667 51 18
4675 51 19
4675 57 19
4679 57 16
4683 51 13
4683 57 15
4686 67 18
4688 51 13
4689 69 60
4692 60 39
4696 51 16
4701 60 31
4705 51 17
4710 51 12
4718 82 62
4719 57 53
4719 85 28
4719 88 10
4720 63 26
4722 76 11
4748 67 29
4748 84 60
4749 75 46
4752 56 51
4752 67 28
4754 72 23
4756 56 50
4759 82 28
4762 57 50
4772 56 51
4774 72 23
4776 56 47
4778 62 31
4780 63 42
4781 51 50
4784 56 43
4785 69 15
4786 51 49
4788 56 40
4791 69 13
4795 69 54
4805 51 48
4809 60 33
4812 49 54
4816 49 58
4818 48 56
4820 49 59
4822 48 50
4824 56 33
4825 48 31
4829 51 36
4831 50 42
4833 65 36
4833 79 53
4833 86 33
4835 52 50
4836 67 51
4837 81 12
4838 51 47
4840 52 52
4842 63 23
4843 54 44
4845 52 44
4857 50 39
4857 81 46
4858 69 20
4859 55 37
4862 69 29
4864 55 29
4865 49 37
4865 72 35
4867 56 44
4868 63 25
4868 75 41
4869 57 49
4869 69 56
4872 63 23
4873 72 20
4876 49 36
4884 48 38
4886 57 48
4890 40 31
4892 93 10
4893 52 37
4894 63 14
4896 53 37
4896 65 77
4897 40 32
4899 72 23
4911 40 22
4913 75 25
4927 75 16
4929 81 39
4931 49 46
4931 67 41
4931 72 32
4932 60 37
4933 48 57
4945 69 26
4952 69 59
4952 88 17
4953 49 30
4953 75 9
4958 53 17
4958 75 18
4962 41 10
4962 65 28
4967 51 56
4978 60 26
4982 51 52
4984 50 53
4986 51 49
4989 51 47
4989 60 27
4993 51 45
4994 79 57
4995 50 47
4995 86 24
4996 41 33
4996 67 50
5000 51 46
5001 81 30
5003 50 47
5006 60 24
5007 51 46
5010 50 46
5010 60 26
5013 51 47
5019 51 47
5023 51 46
5023 56 41
5023 69 30
5024 85 21
5024 88 10
5027 57 53
5029 50 44
5031 51 43
5036 51 44
5039 51 39
5039 67 30
5042 51 38
5047 51 41
5050 72 15
5051 60 49
5054 57 48
5055 81 9
5058 57 49
5059 51 39
5059 72 19
5061 57 46
5063 51 39
5065 50 35
5065 57 45
5067 51 37
5070 57 44
5073 57 42
5074 51 35
5077 63 59
5079 56 41
5080 51 29
5080 67 19
5083 51 31
5083 56 39
5085 50 31
5087 56 37
5088 51 31
5088 67 45
5091 56 34
5094 56 32
5095 51 35
5104 86 23
5109 72 10
5115 56 30
5119 56 33
5123 56 32
5127 56 31
5131 56 34
5132 51 30
5132 62 45
5134 50 29
5134 63 49
5137 51 34
5140 50 29
5148 67 26
5149 50 29
5159 60 45
5162 51 23
5163 63 36
5182 63 59
5186 69 29
5188 57 50
5201 67 11
5210 76 35
5213 72 20
5215 67 42
5217 56 45
5223 57 44
5239 57 39
5243 57 38
5244 50 34
5246 51 42
5267 51 38
5268 79 52
5270 86 26
5273 72 22
5275 49 52
5276 67 27
5285 48 52
5286 56 32
5287 49 54
5289 48 42
5290 56 31
5294 50 39
5297 56 32
5297 91 15
5301 42 29
5302 54 40
5303 69 12
5305 52 45
5305 79 28
5306 42 21
5307 54 38
5308 69 17
5309 56 31
5310 52 45
5311 67 18
5313 56 31
5315 52 44
5317 56 33
5318 67 23
5321 56 33
5323 54 29
5328 69 62
5333 74 38
5335 44 32
5335 53 37
5335 62 19
5337 88 9
5356 93 12
5361 72 21
5362 42 43
5363 65 36
5364 41 37
5364 87 10
5368 42 34
5370 41 25
5380 41 25
5386 58 39
5386 80 19
5386 82 60
5387 52 28
5388 70 63
5389 41 33
5396 58 33
5397 74 17
5403 53 24
5403 81 27
5414 74 24
5416 62 43
5416 69 45
5418 50 61
5420 84 9
5423 65 18
5424 58 28
5425 70 28
5430 58 28
5431 65 15
5432 69 34
5436 65 40
5441 72 18
5441 77 56
5443 73 31
5445 65 74
5446 72 26
5448 70 24
5448 74 22
5452 69 34
5455 50 48
5455 58 22
5458 50 52
5462 50 50
5463 58 46
5463 69 30
5465 50 48
5468 50 52
5469 86 23
5474 69 32
5475 58 29
5479 58 37
5488 74 23
5496 69 17
5500 69 28
5502 58 23
5507 58 22
5513 58 22
5515 81 9
5519 69 20
5525 65 68
5550 81 24
5552 65 30
5553 86 10
5564 50 29
5565 65 34
5575 58 44
5576 86 23
5578 62 52
5582 58 27
5587 58 32
5605 52 44
5605 65 22
5605 72 24
5607 53 44
5610 53 44
5620 53 35
5628 58 25
5631 50 63
5631 78 12
5631 84 23
5632 69 67
5636 65 44
5646 58 18
5654 58 50
5659 80 12
5659 88 12
5666 80 14
5667 50 48
5670 50 54
5676 50 57
5682 87 22
5683 72 27
5684 42 45
5689 52 60
5691 53 53
5694 53 39
5696 52 56
5700 40 33
5701 53 38
5702 69 57
5703 52 50
5706 75 19
5709 40 43
5709 82 71
5710 51 47
5710 70 65
5711 62 35
5714 50 44
5716 51 43
5716 65 27
5716 80 24
5719 89 9
5720 40 31
5720 50 42
5722 51 44
5727 42 31
5731 81 32
5732 52 46
5733 42 34
5735 74 21
5736 62 30
5736 80 11
5736 87 18
5737 43 47
5738 58 38
5740 53 39
5742 41 31
5742 52 52
5746 42 36
5747 53 36
5749 52 50
5751 53 46
5752 62 23
5753 72 38
5757 77 53
5759 41 29
5759 74 20
5761 50 35
5762 86 34
5763 80 18
5763 84 68
5764 71 50
5764 91 18
5766 45 44
5766 53 49
5767 72 41
5767 74 10
5767 81 14
5769 62 13
5790 69 28
5791 42 40
5791 87 18
5794 75 25
5796 84 18
5797 42 41
5797 72 34
5801 41 31
5806 41 32
5810 41 25
5817 58 49
5817 86 82
5818 65 42
5818 74 60
5818 80 23
5819 93 19
5820 72 36
5821 41 40
5821 69 30
5828 41 30
5829 58 44
5835 69 29
5838 53 19
5839 72 17
5844 53 38
5846 50 64
5847 78 16
5850 65 37
5850 88 10
5855 69 76
5857 88 10
5863 84 20
5868 84 21
5871 78 24
5871 93 45
5872 58 32
5872 88 20
5877 65 18
5878 72 23
5880 51 57
5882 50 46
5882 65 75
5884 88 12
5885 50 57
5888 58 28
5892 50 53
5905 58 34
5912 58 20
5928 58 20
5942 58 13
5952 72 27
5954 70 16
5956 50 36
5960 69 24
5964 69 27
5971 70 9
5972 81 25
5976 69 20
5978 74 14
5979 62 51
5997 69 32
6005 58 32
6007 57 20
6010 69 22
6011 58 30
6017 69 24
6023 58 27
6031 51 43
6032 77 14
6033 52 37
6035 87 10
6036 52 44
6036 70 20
6037 65 47
6038 53 43
6046 52 35
6048 53 36
6052 70 19
6053 81 13
6056 50 60
6056 74 48
6059 69 26
6062 84 17
6065 81 13
6066 69 28
6067 84 16
6072 84 10
6077 81 25
6081 69 38
6081 82 66
6082 80 17
6082 84 12
6083 70 57
6084 58 44
6104 50 53
6112 87 18
6114 53 45
6114 72 26
6115 40 35
6115 58 37
6116 52 56
6118 53 54
6121 72 26
6122 69 37
6123 52 52
6127 69 39
6128 53 40
6130 52 50
6132 70 40
6134 52 48
6134 75 33
6137 52 44
6139 41 31
6140 86 82
6141 74 57
6142 93 20
6143 69 40
6144 72 32
6144 80 24
6145 58 31
6150 69 37
6151 50 40
6154 42 29
6154 70 26
6155 58 29
6157 72 32
6161 50 36
6162 80 9
6163 42 33
6163 81 11
6164 69 28
6165 58 30
6168 58 28
6171 53 49
6175 58 28
6176 52 54
6177 87 9
6178 53 51
6183 42 29
6183 52 52
6185 53 48
6185 58 29
6188 58 27
6191 69 19
6193 52 40
6197 52 36
6201 52 37
6204 52 36
6205 58 23
6210 53 39
6210 89 64
6211 39 30
6211 83 16
6211 85 55
6212 73 28
6212 77 67
6214 42 58
6214 62 31
6215 72 30
6216 55 44
6216 71 26
6218 43 54
6218 73 21
6220 65 17
6223 42 43
6223 50 34
6225 43 43
6225 73 18
6231 43 47
6235 73 16
6246 71 24
6248 55 32
6248 73 15
6249 43 25
6254 50 32
6258 43 27
6258 55 33
6260 50 31
6262 43 25
6264 50 33
6267 73 13
6269 55 30
6272 50 31
6276 50 60
6276 60 29
6277 68 41
6277 73 33
6278 49 65
6278 89 10
6281 62 32
6284 55 31
6285 49 62
6286 62 43
6291 89 17
6296 77 29
6297 49 59
6299 73 17
6300 71 24
6302 49 54
6303 72 29
6303 87 15
6305 65 71
6306 53 47
6306 61 36
6311 49 55
6314 71 20
6318 43 18
6318 61 35
6319 71 15
6320 54 43
6322 61 34
6326 85 72
6328 61 26
6328 73 68
6328 76 17
6329 92 18
6330 42 38
6331 52 39
6331 56 35
6331 69 34
6333 57 55
6333 61 32
6334 76 14
6338 50 42
6340 49 38
6345 61 27
6347 49 32
6350 49 33
6350 76 12
6357 61 49
6357 80 15
6360 50 24
6361 76 10
6361 89 14
6374 61 31
6375 49 17
6380 61 32
6391 61 25
6393 57 38
6397 61 19
6404 61 14
6410 61 9
6423 56 26
6427 56 30
6431 56 33
6439 56 34
6443 56 32
6448 57 31
6452 57 30
6458 71 21
6458 74 24
6460 62 42
6462 43 31
6469 43 28
6481 43 23
6488 55 24
6498 43 20
6507 50 54
6533 74 42
6533 77 18
6534 72 23
6536 69 44
6537 65 41
6539 50 46
6543 50 42
6546 50 49
6556 50 47
6560 57 53
6561 76 62
6562 74 26
6562 85 12
6588 65 37
6588 81 29
6590 73 14
6590 77 67
6618 76 34
6620 42 21
6620 57 62
6620 85 27
6620 91 13
6623 65 17
6636 43 17
6641 50 27
6648 65 37
6648 72 31
6649 42 18
6660 52 35
6674 43 16
6680 82 34
6681 68 20
6681 81 51
6681 84 9
6683 50 52
6700 76 15
6709 76 12
6711 77 64
6716 57 23
6718 81 16
6720 76 32
6722 63 28
6722 70 16
6722 80 12
6722 85 65
6722 89 68
6723 54 45
6725 62 31
6725 71 35
6725 73 24
6726 43 56
6727 65 21
6730 73 23
6731 50 37
6732 42 35
6736 43 44
6738 73 20
6740 43 45
6746 73 11
6752 74 26
6754 50 30
6760 43 26
6768 73 16
6769 42 18
6773 50 31
6780 50 36
6782 49 65
6782 85 11
6783 68 43
6783 78 10
6784 55 39
6784 71 25
6788 77 22
6797 55 41
6799 77 25
6800 89 25
6807 55 44
6809 65 65
6809 72 25
6809 87 11
6812 61 37
6813 54 52
6814 49 60
6814 72 23
6817 49 54
6819 55 45
6820 72 17
6822 54 49
6823 49 34
6823 61 36
6826 54 48
6827 49 48
6829 55 39
6829 61 36
6831 54 44
6832 50 34
6835 85 73
6836 61 34
6836 84 30
6838 71 30
6838 73 69
6838 92 19
6840 56 44
6840 61 34
6840 69 30
6840 88 10
6841 50 41
6842 57 56
6844 49 35
6845 76 15
6849 49 37
6852 50 38
6854 49 37
6856 76 12
6857 61 31
6865 61 52
6865 80 16
6867 76 15
6870 89 15
6876 50 26
6879 61 41
6883 76 12
6885 61 41
6891 61 40
6892 76 11
6896 61 38
6897 56 44
6901 56 43
6903 57 33
6903 61 34
6905 56 40
6907 57 34
6908 61 31
6912 56 35
6914 61 30
6916 56 30
6920 61 28
6921 56 29
6922 43 13
6922 69 42
6926 61 24
6934 43 16
6937 56 29
6937 61 20
6939 43 15
6941 56 29
6943 61 15
6945 56 31
6946 49 16
6948 43 18
6949 56 29
6949 61 16
6951 57 37
6955 61 16
6963 71 27
6963 74 44
6964 42 42
6964 62 48
6965 85 10
6966 43 47
6968 67 11
6969 56 19
7012 50 57
7014 84 9
7040 69 55
7045 77 15
7046 65 42
7046 72 20
7050 50 50
7056 50 47
7060 50 45
7063 50 49
7066 76 61
7067 58 32
7067 71 15
7068 81 16
7069 85 22
7070 57 55
7093 73 27
7094 89 39
7095 62 56
7095 77 59
7097 65 38
7099 57 48
7109 43 29
7115 57 45
7117 50 31
7122 43 30
7122 56 47
7123 50 34
7123 88 17
7124 69 38
7124 85 28
7125 65 21
7126 56 54
7127 50 45
7128 57 63
7129 42 30
7133 43 29
7141 43 31
7141 76 37
7142 65 18
7145 89 36
7147 43 34
7148 77 61
7149 72 23
7149 74 23
7150 62 33
7151 57 50
7152 52 44
7152 65 42
7155 57 57
7156 43 35
7169 62 51
7172 50 58
7173 84 19
7176 88 17
7177 81 47
7179 84 14
7188 84 13
7208 43 40
7208 69 57
7211 62 29
7212 42 35
7216 55 21
7218 43 37
7228 43 34
7232 55 35
7238 43 26
7246 50 59
7283 55 31
7290 50 48
7291 65 21
7296 65 53
7304 64 66
7305 74 14
7305 83 12
7307 69 28
7308 56 33
7310 57 49
7333 65 81
7333 69 29
7334 57 50
7334 74 16
7363 85 13
7375 50 36
7375 57 47
7380 65 76
7383 56 45
7387 56 40
7389 62 31
7392 57 38
7395 56 43
7399 56 42
7401 57 30
7404 62 47
7409 57 33
7410 69 57
7412 49 48
7414 50 57
7414 84 11
7420 65 37
7440 64 44
7441 43 32
7442 65 73
7447 74 12
7451 43 33
7456 71 12
7468 62 36
7469 50 48
7470 69 10
7475 65 21
7496 77 13
7498 72 12
7499 50 41
7501 51 42
7502 65 27
7503 50 34
7504 43 22
7506 50 33
7509 50 37
7513 50 34
7516 50 37
7522 69 22
7524 57 44
7546 62 53
7550 65 38
7554 58 47
7556 65 19
7558 71 11
7559 57 40
7564 65 19
7566 57 29
7569 57 34
7571 65 19
7573 57 30
7576 57 28
7581 57 30
7581 76 15
7584 57 34
7588 57 35
7595 57 31
7596 65 23
7607 67 23
7609 56 39
7610 43 12
7613 56 43
7615 57 35
7617 56 41
7619 50 17
7619 57 32
7621 56 39
7623 50 20
7623 57 34
7625 56 39
7627 43 12
7627 57 34
7632 67 20
7632 72 14
7633 77 9
7634 43 16
7634 53 33
7634 57 28
7636 65 36
7637 54 41
7641 54 33
7642 43 17
7646 54 34
7651 54 31
7663 43 28
7669 71 23
7670 59 43
7670 67 18
7671 55 32
7674 64 13
7676 78 10
7680 55 26
7687 55 23
7688 37 11
7691 48 12
7691 55 22
7695 59 18
7698 55 14
7704 55 20
7713 55 16
7715 59 17
7722 66 29
7724 60 53
7724 67 28
7725 48 50
7737 55 21
7749 64 57
7750 52 48
7755 60 24
7755 71 12
7761 60 19
7778 72 30
7780 60 16
7782 52 35
7783 67 22
7786 47 34
7786 60 15
7798 52 33
7800 60 11
7804 52 29
7807 60 36
7862 54 32
7864 67 30
7865 54 31
7873 55 29
7876 55 30
7894 72 16
7908 72 21
7918 76 37
7944 79 26
7971 84 30
8008 55 15
8024 76 32
8057 72 10
8086 67 24
8121 60 43
8127 75 19
8182 58 32
8182 65 9
8183 77 9
8187 67 17
8188 58 15
8195 58 27
8210 57 54
8212 85 15
8214 72 11
8214 76 9
8238 75 37
8239 67 27
8242 63 22
8243 55 34
8245 56 42
8247 55 37
8305 72 9
8319 71 11
8335 72 15
8348 75 33
8353 63 12
8405 69 27
8408 57 52
8408 85 10
8413 72 23
8433 77 14
8433 86 11
8434 57 44
8434 75 16
8445 72 15
8453 70 18
8460 60 55
8460 65 21
8460 75 37
8461 84 11
8463 79 13
8488 71 18
8516 60 51
8516 67 25
8545 63 58
8563 72 13
8581 65 51
8581 78 20
8583 62 56
8583 66 49
8583 81 34
8587 69 34
8660 57 52
8662 85 10
8664 76 11
8666 62 12
8696 62 11
8712 50 57
8743 78 22
8767 64 33
8768 78 11
8770 57 57
8773 50 47
8778 50 43
8781 78 16
8784 50 39
8788 50 41
8790 64 20
8795 78 13
8798 64 15
8808 78 22
8824 72 13
8825 38 46
8826 66 17
8831 66 12
8842 66 9
8852 78 20
8854 37 14
8856 50 18
8870 50 17
8872 38 20
8877 74 25
8879 50 18
8880 38 14
8884 50 25
8885 38 16
8892 50 28
8907 50 28
8915 50 23
8920 50 21
8926 50 20
8938 68 10
8939 71 16
8939 78 12
8948 74 11
8951 73 14
8955 45 34
8961 50 33
8964 50 33
8967 73 10
8968 57 35
8970 50 31
8971 57 35
8972 69 36
8974 50 34
8976 57 32
8979 45 30
8980 73 10
8987 50 29
8991 57 23
8997 50 30
9000 50 28
9000 57 37
9003 65 29
9005 50 26
9005 66 32
9033 45 13
9074 50 14
9076 60 45
9077 75 35
9138 58 33
9138 67 11
9138 77 13
9140 86 10
9143 58 24
9146 57 14
9150 58 25
9165 69 33
9166 57 55
9166 85 17
9169 88 10
9178 75 10
9185 75 9
9193 67 32
9193 75 34
9196 55 36
9198 56 47
9200 55 38
9203 55 40
9248 72 12
9278 72 13
9301 72 9
9301 75 31
9305 63 14
9332 72 9
9353 57 58
9354 85 18
9354 88 9
9357 67 31
9357 76 13
9382 77 14
9382 86 13
9385 57 52
9387 75 14
9410 60 55
9410 67 12
9410 79 31
9417 67 9
9436 75 31
9462 60 56
9462 65 25
9463 84 12
9463 88 10
9490 63 68
9491 82 19
9521 72 21
9521 80 52
9521 88 23
9522 64 78
9522 83 16
9525 68 40
9560 68 9
9570 80 14
9582 71 18
9586 72 18
9609 72 16
9633 80 43
9660 76 41
9676 80 14
9688 71 17
9691 72 12
9708 72 21
9712 76 29
9741 80 56
9743 68 44
9744 76 36
9788 80 44
9852 63 58
9882 72 22
9905 76 50
9906 64 67
9909 80 46
9909 83 11
9911 72 18
9938 72 11
9969 68 37
9970 79 11
9970 86 14
9971 67 38
9972 60 44
9974 69 29
9975 57 50
9977 72 11
9985 88 9
9997 57 36
10002 57 33
10013 57 20
10017 57 19
10022 57 26
10029 76 15
10030 65 75
10031 57 24
10037 72 15
10056 64 68
10057 57 11
10084 81 18
10085 62 53
10113 72 10
10114 81 12
10139 69 21
10192 81 11
10216 72 20
10244 69 43
10294 64 60
10325 72 14
10350 65 71
10354 69 26
10389 65 21
10407 65 70
10408 57 35
10409 68 37
10410 59 45
10418 59 30
10452 83 9
10454 59 18
10463 56 13
10464 64 64
10467 71 44
10489 62 57
10490 77 38
10490 81 22
10493 56 10
10507 62 35
10512 62 32
10521 60 53
10521 84 41
10522 86 20
10523 43 19
10523 67 33
10523 70 30
10523 77 15
10525 56 38
10527 55 34
10530 55 36
10536 86 10
10554 82 34
10581 77 22
10606 82 28
10630 84 27
10653 82 35
10680 77 28
10706 82 27
10732 62 49
10732 81 19
10738 84 11
10758 82 21
10785 76 41
10786 64 64
10812 82 33
10845 72 16
10846 57 48
10846 84 33
10872 64 37
10874 65 34
10902 62 48
10902 65 34
10902 81 13
10915 65 27
10920 65 25
10925 65 25
10926 60 44
10926 79 19
10935 60 37
10941 60 33
10947 60 30
10957 62 45
10957 71 24
10958 43 31
10962 43 33
10965 50 57
10967 69 25
10986 86 62
10987 58 34
10987 77 14
10987 84 9
10990 69 19
10994 69 19
11007 69 14
11012 86 28
11016 81 22
11037 86 14
11067 82 32
11068 43 21
11078 86 15
11080 43 15
11101 43 17
11116 43 17
11121 69 42
11131 55 24
11133 43 21
11141 43 21
11150 43 21
11150 62 42
11152 50 22
11158 43 22
11160 50 22
11171 50 12
11175 70 50
11207 57 52
11209 76 17
11213 64 11
11229 48 31
11233 76 13
11238 49 46
11238 67 43
11239 72 20
11240 48 50
11242 57 44
11248 57 45
11252 76 12
11260 57 43
11266 48 14
11266 56 35
11269 56 38
11269 69 11
11271 57 29
11273 56 35
11275 60 26
11275 69 9
11278 55 45
11280 86 15
11282 60 30
11283 76 11
11288 60 24
11291 86 10
11297 60 17
11299 48 22
11301 86 11
11310 86 9
11311 64 61
11315 55 36
11318 67 16
11319 55 39
11322 48 16
11323 55 35
11327 55 29
11329 56 36
11331 55 36
11339 55 29
11342 55 30
11343 48 13
11345 56 35
11350 55 30
11354 55 40
11359 65 31
11360 53 37
11360 72 26
11361 57 43
11362 65 39
11365 57 44
11369 71 11
11376 71 10
11380 72 25
11381 53 34
11382 57 36
11383 48 31
11390 69 13
11392 41 34
11395 41 32
11395 57 42
11397 53 38
11400 41 29
11408 72 33
11420 67 33
11421 60 35
11423 48 53
11427 67 32
11428 57 34
11438 47 30
11441 53 26
11447 53 23
11449 69 30
11452 57 36
11455 57 56
11461 67 11
11466 48 27
11476 48 24
11480 65 68
11483 76 11
11489 48 22
11500 48 15
11600 65 54
11719 69 40
11895 69 23
11895 77 29
11897 62 32
11954 68 38
11955 64 43
11958 71 23
12009 64 46
12009 68 38
12011 71 35
12063 77 42
12065 69 47
12065 74 20
12067 62 40
12116 77 45
12118 63 34
12119 74 22
12120 62 36
12168 68 48
12169 76 51
12171 71 58
12172 64 53
12233 64 44
12233 68 34
12233 71 46
12390 65 57
12391 57 31
12394 50 38
12441 64 57
12442 68 21
12443 51 40
12445 52 41
12445 59 31
12452 59 20
12495 64 60
12497 68 20
12498 71 14
12499 52 37
12502 59 23
12509 59 14
12546 65 76
12547 69 15
12548 50 44
12548 57 39
12562 69 60
12595 76 44
12596 64 67
12598 42 19
12598 74 17
12600 54 31
12601 59 37
12602 43 31
12604 53 31
12606 43 29
12612 54 33
12615 59 20
12617 54 31
12625 54 27
12632 71 12
12633 64 38
12636 55 29
12638 64 32
12644 74 21
12644 81 27
12645 62 59
12645 65 35
12648 52 47
12648 70 23
12649 67 14
12650 86 24
12659 86 21
12661 70 16
12665 62 38
12669 86 15
12670 62 33
12674 52 41
12675 62 29
12676 37 14
12680 86 13
12687 54 33
12689 36 9
12689 55 32
12693 62 28
12695 64 35
12698 60 50
12699 65 26
12700 54 30
12700 69 28
12701 40 33
12703 65 18
12709 57 44
12713 57 39
12713 60 36
12715 41 13
12718 57 38
12719 41 15
12722 57 35
12724 41 19
12727 57 31
12732 53 28
12734 41 16
12734 72 10
12740 60 20
12741 53 25
12746 41 18
12752 41 15
12752 69 12
12756 57 20
12757 53 18
12763 41 10
12767 54 33
12768 41 35
12773 53 37
12779 41 26
12780 57 45
12789 72 12
12815 47 15
12820 72 14
12824 48 12
12839 48 11
12843 57 22
12848 48 11
12852 72 10
12872 69 36
12872 77 33
12876 62 31
12924 76 50
12925 64 52
12926 68 37
12927 71 42
12976 68 43
13027 69 36
13028 77 58
13031 62 36
13042 79 44
13072 69 43
13075 39 15
13079 62 25
13089 81 44
13122 76 57
13123 54 16
13123 64 56
13124 71 52
13125 68 44
13173 68 31
13175 71 58
13252 59 37
13325 64 55
13326 59 35
13328 71 14
13329 59 32
13330 47 31
13331 68 14
13336 68 13
13340 47 21
13370 64 13
13375 66 35
13377 61 48
13377 80 16
13379 66 43
13379 89 10
13380 54 32
13383 69 14
13387 57 38
13390 57 43
13397 61 32
13400 61 29
13424 60 40
13425 80 22
13426 61 48
13427 89 18
13428 55 33
13429 67 36
13429 70 28
13429 86 22
13430 77 10
13433 55 34
13434 89 22
13437 55 36
13442 89 9
13451 55 33
13474 64 70
13474 70 16
13476 59 46
13476 83 14
13477 68 40
13483 87 10
13505 59 24
13512 59 23
13519 59 21
13521 56 25
13522 65 62
13524 78 32
13525 47 40
13525 85 23
13525 88 15
13526 57 55
13526 66 57
13528 48 32
13529 76 12
13531 46 33
13531 72 22
13533 47 19
13533 57 54
13534 85 18
13538 47 30
13538 57 54
13543 71 15
13543 85 13
13550 47 25
13551 57 44
13558 57 45
13559 71 9
13564 47 16
13576 68 62
13577 75 21
13578 63 50
13579 47 16
13579 71 17
13580 59 39
13583 59 35
13585 47 12
13590 47 17
13619 66 9
13623 68 14
13631 76 37
13632 64 60
13633 57 27
13633 68 31
13635 71 19
13637 59 34
13653 59 17
13663 56 12
13675 59 13
13680 56 14
13687 56 13
13700 71 17
13701 68 9
13705 52 13
13707 40 25
13707 56 17
13713 56 18
13727 56 17
13730 40 15
13746 40 13
13755 56 16
13762 56 16
13787 78 22
13791 38 20
13791 73 29
13792 54 23
13792 69 38
13838 78 11
13850 80 45
13851 59 34
13852 47 34
13852 71 52
13853 66 25
13853 75 19
13854 48 31
13856 47 32
13859 47 31
13875 47 25
13883 47 20
13894 47 13
13901 76 52
13902 68 52
13956 85 50
13957 80 45
13959 59 38
14008 78 34
14010 69 51
14014 73 36
14028 78 26
14031 80 58
14038 71 20
14053 47 42
14054 66 28
14055 59 42
14058 47 42
14058 75 31
14063 46 26
14069 78 35
14072 48 29
14078 46 21
14084 47 27
14094 47 15
14104 71 68
14104 76 59
14110 68 35
14126 66 15
14160 68 45
14161 59 35
14161 64 47
14225 68 59
14228 63 48
14279 60 43
14280 64 46
14281 61 40
14283 47 29
14287 61 29
14291 47 21
14298 60 32
14302 46 15
14307 47 19
14309 66 19
14314 66 19
14321 66 24
14324 68 66
14325 46 20
14328 59 47
14328 64 42
14369 76 42
14370 64 72
14371 83 14
14372 73 24
14373 71 12
14374 80 10
14376 60 51
14378 68 14
14392 71 26
14394 68 11
14401 60 30
14404 60 29
14407 60 29
14416 78 28
14417 59 30
14417 65 61
14419 57 56
14419 63 55
14419 66 58
14419 88 16
14420 85 24
14429 85 16
14438 85 10
14469 71 16
14472 47 32
14472 58 45
14475 58 41
14477 57 32
14480 57 30
14482 58 39
14483 69 10
14486 47 25
14489 58 35
14492 58 31
14503 47 14
14507 59 18
14520 69 42
14521 73 50
14522 63 45
14522 66 29
14527 57 24
14584 66 21
14591 54 19
14608 57 9
14667 78 14
14669 59 30
14670 69 31
14670 73 24
14718 71 68
14718 80 46
14719 68 11
14720 75 35
14723 78 10
14766 68 52
14768 76 58
14815 85 54
14853 85 9
14865 69 45
14866 66 11
14867 78 36
14868 73 52
14869 59 34
14911 80 56
14914 71 57
14917 75 13
14955 73 16
14955 76 54
14957 68 52
15014 68 43
15088 85 31
15090 71 32
15097 67 10
15147 88 23
15193 65 37
15193 87 30
15195 66 40
15243 83 46
15276 83 36
15291 85 64
15293 64 45
15294 71 26
15295 79 37
15344 79 17
15344 88 52
15345 64 11
15404 63 36
15464 83 27
15502 83 15
15528 85 40
15532 43 16
15532 71 25
15533 67 19
15578 88 35
15579 69 46
15592 79 10
15595 67 34
15603 67 28
15606 68 45
15608 69 50
15623 65 42
15624 78 18
15625 66 47
15626 87 26
15676 83 37
15711 83 23
15722 85 48
15724 64 52
15724 71 44
15725 43 11
15728 79 18
15772 65 45
15772 78 31
15772 88 40
15774 43 21
15774 66 48
15785 64 64
15797 66 53
15799 85 9
15801 66 61
15804 64 47
15808 66 53
15822 63 53
15885 83 24
15925 83 12
15957 63 31
15958 91 11
15959 62 37
15997 79 13
16032 64 53
16033 79 18
16048 91 9
16064 79 23
16083 60 33
16083 88 25
16085 64 43
16099 79 17
16116 91 14
16134 79 30
16135 69 48
16188 62 43
16189 71 37
16191 65 53
16191 91 12
16196 62 31
16209 62 10
16209 79 27
16242 76 35
16243 64 64
16246 79 26
16260 81 19
16264 62 49
16266 64 42
16269 64 68
16279 79 34
16299 91 25
16302 71 12
16303 60 38
16322 79 34
16364 57 43
16368 79 9
16399 79 22
16467 57 16
16475 63 41
16477 62 44
16477 71 16
16477 81 16
16478 43 31
16479 69 13
16482 57 41
16483 43 26
16489 43 25
16506 65 25
16513 56 37
16514 67 27
16518 55 43
16519 43 17
16522 55 40
16523 43 18
16526 55 49
16538 62 14
16538 65 22
16543 62 45
16544 76 39
16545 64 66
16546 59 44
16553 56 44
16553 71 13
16555 43 13
16555 55 48
16566 72 19
16571 54 48
16577 55 40
16580 54 40
16580 64 43
16586 65 37
16592 65 33
16596 64 34
16597 60 52
16598 51 43
16598 84 13
16601 52 47
16602 43 16
16614 43 23
16617 67 27
16621 43 10
16627 52 43
16630 54 42
16632 52 53
16632 71 34
16634 43 14
16646 52 50
16650 68 54
16652 69 61
16659 60 11
16669 52 51
16684 83 12
16702 83 9
16703 54 37
16704 74 32
16705 62 54
16705 68 32
16705 81 18
16707 69 22
16708 43 28
16709 77 11
16710 57 51
16719 65 19
16721 72 14
16726 43 25
16726 52 35
16728 67 29
16730 43 25
16732 65 29
16733 56 48
16737 56 46
16737 67 30
16739 65 36
16741 56 46
16745 56 48
16745 72 16
16749 56 47
16753 56 49
16756 62 27
16757 56 48
16761 55 48
16764 76 44
16765 64 71
16767 43 29
16768 56 42
16772 56 36
16774 43 22
16775 54 38
16777 56 37
16779 54 39
16784 55 30
16785 74 28
16785 81 31
16786 62 63
16789 56 29
16790 64 53
16793 43 17
16793 55 28
16795 64 48
16798 64 44
16802 63 38
16804 55 34
16804 64 68
16805 83 12
16806 56 26
16806 74 14
16807 43 14
16811 57 26
16816 43 10
16817 56 31
16821 56 33
16831 60 53
16831 69 11
16834 67 20
16841 70 11
16843 55 36
16847 36 9
16847 48 18
16849 64 17
16853 48 36
16855 74 26
16856 71 25
16863 48 40
16872 71 25
16875 76 13
16876 52 51
16883 71 21
16892 55 49
16895 55 47
16897 62 29
16898 55 47
16901 52 46
16901 67 23
16902 62 29
16903 71 17
16904 52 42
16906 54 34
16909 50 35
16910 55 38
16912 50 33
16913 55 36
16915 62 29
16920 64 31
16921 54 35
16922 67 11
16923 62 27
16923 71 17
16928 62 24
16933 62 34
16935 54 33
16937 60 47
16937 67 12
16937 71 10
16940 64 22
16946 52 29
16946 64 33
16960 65 60
16960 74 41
16961 68 43
16964 54 34
16964 69 47
16966 55 39
16982 79 12
16983 69 37
16999 65 69
17018 76 62
17037 74 37
17055 74 24
17075 49 50
17076 60 41
17077 67 38
17079 48 51
17080 76 11
17082 70 21
17101 55 30
17124 48 24
17136 64 57
17137 60 28
17145 48 16
17157 67 43
17158 86 13
17175 70 53
17212 72 33
17213 76 44
17215 64 11
17227 70 22
17231 79 25
17249 82 42
17267 84 34
17322 88 17
17339 84 26
17358 82 30
17398 76 37
17427 72 13
17452 70 38
17484 67 21
17517 64 44
17553 60 36
17598 59 37
17626 59 11
17674 79 30
17676 57 18
17719 60 23
17747 62 31
17779 67 20
17805 74 31
17927 58 17
17958 60 31
17988 76 42
18017 77 36
18048 79 34
18051 76 11
18080 86 21
18100 79 14
18104 76 53
18132 74 30
18136 82 27
18166 58 31
18172 58 20
18177 58 16
18195 60 40
18228 62 39
18255 67 29
18257 62 9
18282 74 31
18286 72 14
18369 82 14
18400 58 19
18429 60 28
18458 62 34
18475 62 10
18486 67 26
18514 70 55
18571 74 30
18601 82 17
18629 76 49
18632 57 42
18687 77 42
18689 60 36
18694 57 20
18714 65 55
18745 57 12
18745 71 23
18747 72 20
18760 57 9
18765 72 20
18858 67 13
18859 55 26
18886 69 9
18888 57 44
18916 57 37
18925 57 29
18936 64 55
18939 57 23
18946 57 18
18970 67 34
19002 82 19
19112 69 49
19113 53 20
19124 41 9
19146 49 37
19146 60 24
19148 48 46
19150 67 21
19160 67 17
19166 67 22
19172 41 11
19173 57 46
19187 48 23
19200 48 22
19200 65 56
19219 48 9
19230 62 38
19241 57 13
19251 65 9
19255 57 46
19262 62 12
19271 62 13
19287 57 39
19296 57 37
19311 65 60
19312 57 28
19340 53 27
19353 41 13
19366 60 30
19366 67 28
19367 49 40
19369 48 50
19391 41 9
19396 69 10
19398 57 37
19408 48 27
19418 48 24
19420 57 29
19421 65 58
19435 48 12
19451 57 19
19453 62 33
19462 62 19
19478 62 10
19481 57 40
19487 62 13
19496 62 9
19515 60 35
19517 57 32
19520 57 35
19526 57 32
19549 65 58
19558 57 10
19606 65 14
19607 81 26
19610 57 38
19612 50 23
19613 38 31
19614 66 9
19615 39 30
19617 38 26
19623 38 27
19629 38 27
19645 57 42
19645 64 19
19661 50 21
19665 50 22
19670 49 46
19671 62 38
19673 50 52
19674 38 11
19702 77 14
19703 65 37
19703 72 17
19705 50 45
19709 50 41
19712 50 47
19719 50 42
19722 50 46
19728 69 27
19728 76 57
19733 57 41
19758 60 41
19768 57 37
19768 60 34
19771 57 40
19776 50 28
19786 64 51
19814 60 38
19836 64 17
19840 69 20
19842 57 52
19854 50 14
19863 50 14
19870 65 29
19870 72 13
19874 53 32
19900 72 28
19901 76 9
19914 72 31
19926 76 54
19927 57 37
19927 60 35
19929 50 15
19930 57 36
19957 74 45
19958 61 20
19959 43 27
19959 71 23
19964 62 42
19981 43 31
19988 50 57
19990 69 16
20019 70 67
20021 89 11
20022 67 28
20054 58 31
20055 79 26
20057 67 52
20109 43 35
20110 81 38
20111 57 48
20115 38 29
20138 38 15
20144 64 18
20156 45 22
20164 50 18
20171 50 55
20171 81 13
20201 65 37
20202 72 15
20205 51 48
20206 57 38
20210 50 36
20210 57 35
20213 50 43
20217 50 37
20220 50 41
20223 57 23
20228 69 25
20229 76 51
20232 57 36
20257 60 40
20261 57 30
20266 57 39
20267 72 9
20270 57 36
20275 57 38
20281 57 40
20285 64 51
20315 60 32
20316 64 27
20322 57 27
20328 57 21
20331 64 15
20333 57 19
20340 57 50
20342 50 14
20345 64 9
20350 64 12
20350 76 12
20354 50 16
20368 65 11
20368 72 17
20368 77 11
20369 52 29
20373 65 26
20379 76 9
20397 71 22
20399 72 24
20400 50 21
20420 72 23
20423 76 52
20424 57 39
20427 57 33
20435 57 29
20440 57 28
20455 74 47
20457 76 22
20458 71 20
20460 44 30
20460 57 19
20462 43 32
20463 62 39
20467 55 15
20469 43 28
20486 50 54
20487 69 51
20517 70 61
20518 67 21
20547 79 21
20549 70 28
20550 67 43
20590 67 35
20591 79 45
20592 85 12
20594 70 23
20595 51 35
20596 39 36
20600 39 40
20622 58 41
20622 65 39
20628 39 22
20633 79 26
20636 51 13
20648 51 9
20651 50 46
20652 63 48
20653 51 57
20658 85 10
20683 67 26
20685 51 45
20692 51 44
20692 67 25
20698 63 29
20699 51 46
20706 51 46
20709 58 34
20709 74 49
20710 67 21
20711 51 45
20733 58 25
20734 75 38
20735 63 56
20737 86 16
20746 51 37
20750 86 10
20755 51 34
20763 51 31
20765 86 14
20766 67 36
20770 51 32
20777 51 32
20783 51 33
20791 51 31
20791 64 40
20792 75 32
20793 63 46
20805 55 26
20818 51 30
20820 58 33
20821 86 15
20823 51 26
20832 51 22
20838 51 18
20841 58 20
20846 67 31
20850 55 41
20856 86 9
20873 70 54
20877 63 39
20878 67 16
20880 51 46
20887 51 45
20894 51 42
20899 74 41
20902 51 38
20902 58 40
20902 65 41
20904 50 35
20905 58 37
20905 80 9
20910 58 31
20911 50 36
20915 58 32
20916 51 35
20918 50 31
20918 58 38
20922 51 39
20923 58 35
20925 50 35
20928 58 32
20930 71 36
20932 52 29
20933 72 34
20935 38 34
20935 51 28
20937 39 41
20940 70 11
20959 72 25
20962 60 27
20962 67 28
20967 49 50
20971 49 53
20973 48 48
20975 49 51
20979 49 41
20988 51 39
20990 69 55
20991 65 17
20992 52 36
20994 53 32
20996 52 39
20996 65 31
21000 52 36
21007 48 28
21011 52 29
21013 49 30
21017 49 32
21021 49 29
21021 57 48
21022 88 10
21024 65 74
21024 76 15
21024 85 10
21064 79 36
21069 51 19
21072 39 33
21075 58 14
21096 58 38
21096 65 36
21099 39 21
21105 51 20
21110 51 18
21113 79 19
21121 51 53
21150 65 30
21152 67 28
21155 51 36
21159 67 26
21161 51 40
21168 51 39
21168 67 22
21175 51 39
21177 63 17
21177 67 26
21180 74 37
21181 51 41
21182 70 19
21188 51 34
21194 51 35
21202 51 33
21204 65 28
21208 51 33
21208 63 46
21215 51 34
21222 51 32
21229 51 32
21235 79 13
21236 54 31
21236 86 12
21237 51 29
21238 67 29
21244 51 28
21251 51 31
21258 51 29
21263 55 29
21271 55 27
21275 55 26
21291 51 20
21291 58 30
21305 51 18
21307 58 18
21315 58 19
21319 67 30
21322 55 32
21334 55 29
21347 71 32
21349 51 47
21349 70 44
21374 58 30
21374 77 13
21375 74 36
21376 65 33
21379 65 31
21384 58 25
21403 71 30
21405 72 27
21406 57 35
21406 74 12
21408 45 21
21410 64 19
21411 57 46
21411 67 11
21412 45 20
21439 64 12
21442 52 31
21447 52 30
21459 52 24
21464 52 24
21465 74 36
21470 66 29
21476 57 40
21503 50 20
21507 38 29
21548 70 53
21550 42 32
21551 55 31
21551 62 43
21552 43 40
21559 43 32
21560 50 24
21578 43 25
21578 50 22
21593 50 26
21599 43 17
21603 43 17
21603 70 11
21633 69 46
21635 54 17
21637 64 43
21641 43 12
21692 61 36
21693 69 53
21696 64 40
21703 61 20
21714 61 19
21719 61 12
21726 61 13
21749 70 56
21753 62 37
21754 67 21
21764 67 12
21782 62 10
21788 62 10
21794 62 10
21805 70 54
21807 62 45
21808 81 14
21810 67 27
21811 43 28
21823 43 26
21841 43 22
21861 69 57
21862 61 46
21862 64 52
21867 43 28
21876 43 25
21894 61 18
21900 61 13
21907 61 12
21911 64 11
21913 61 10
21919 61 39
21920 65 33
21923 43 15
21923 76 22
21924 64 53
21930 43 10
21943 61 23
21953 61 21
22081 70 48
22083 43 9
22083 62 32
22085 67 17
22088 55 18
22135 69 55
22136 64 46
22141 55 9
22188 61 31
22188 65 15
22191 64 55
22241 62 43
22241 70 55
22273 62 12
22293 61 35
22293 65 21
22293 69 60
22296 57 43
22298 64 47
22327 61 10
22352 79 11
22352 86 12
22354 67 36
22359 64 11
22406 57 12
22413 65 55
22414 50 43
22415 69 19
22417 57 28
22505 69 36
22580 82 37
22645 73 40
22648 81 21
22650 76 11
22699 81 29
22700 73 43
22701 76 33
22749 74 25
22749 76 9
22749 82 50
22752 79 26
22803 74 17
22804 67 26
22806 79 27
22857 73 41
22858 81 33
22860 76 30
22863 67 9
22913 81 34
22914 76 39
22916 42 20
22917 73 41
22976 65 58
23049 64 40
23049 82 32
23051 74 9
23107 73 32
23107 81 16
23110 76 18
23162 81 22
23163 73 18
23164 76 27
23223 82 40
23224 62 44
23242 86 44
23262 82 36
23291 81 24
23292 60 29
23292 70 18
23294 76 17
23392 79 21
23528 57 34
23537 48 23
23541 47 19
23550 48 18
23552 57 33
23577 53 35
23579 41 21
23582 40 17
23584 57 29
23585 53 29
23589 41 17
23593 41 17
23602 41 19
23610 41 15
23612 49 38
23613 60 21
23613 67 22
23616 48 44
23630 48 29
23634 48 17
23640 41 11
23649 53 23
23658 48 17
23663 48 15
23670 48 16
23693 69 14
23694 48 13
23694 57 46
23761 60 35
23806 57 14
23833 65 55
23972 81 16
23973 69 36
24004 72 11
