0 55 50
0 62 34
0 68 55
0 75 52
1 72 64
1 78 44
1 82 48
1 91 48
2 56 57
2 65 38
2 79 53
2 92 9
2 97 11
5 63 66
12 90 15
68 79 14
180 69 47
180 75 31
180 77 31
180 83 37
180 85 34
180 94 46
181 82 56
181 89 32
181 93 43
181 96 18
182 49 32
182 58 56
182 65 67
182 74 63
182 84 41
184 48 30
192 92 13
204 93 16
297 65 27
365 72 66
365 79 67
365 82 25
366 74 29
366 86 37
367 67 59
369 61 34
371 60 47
493 67 13
552 70 68
553 79 40
553 83 29
553 89 50
554 55 56
554 62 52
554 77 53
554 93 20
555 81 37
555 96 27
555 98 9
558 46 20
695 87 66
717 86 64
740 87 66
741 56 54
741 75 48
741 80 23
742 68 61
743 48 29
744 62 15
744 84 10
750 90 10
761 65 35
761 70 18
761 82 33
762 91 13
764 63 66
808 72 63
808 91 36
885 87 67
903 88 17
905 63 11
905 68 18
910 91 65
917 87 32
928 77 45
928 82 28
929 58 56
929 67 25
930 89 64
939 92 13
948 66 44
949 84 35
949 93 16
950 65 62
973 70 63
995 74 63
995 93 37
1072 86 57
1077 65 17
1077 87 68
1083 65 17
1096 84 64
1119 79 49
1120 67 25
1120 72 68
1124 60 43
1140 69 30
1141 86 39
1142 67 60
1143 60 14
1185 75 54
1185 78 26
1185 94 24
1254 67 54
1302 55 54
1302 95 23
1303 83 21
1303 89 22
1304 74 52
1324 62 51
1324 81 33
1346 66 43
1348 67 58
1368 70 67
1369 89 38
1457 67 32
1489 45 53
1489 63 52
1489 82 17
1490 56 57
1490 72 12
1490 78 13
1491 44 56
1508 70 48
1508 78 32
1509 51 53
1509 94 33
1510 72 16
1510 79 21
1511 44 44
1514 44 44
1515 51 35
1529 80 32
1531 72 30
1532 43 31
1532 70 34
1532 78 32
1533 76 43
1533 79 43
1534 44 39
1549 90 17
1552 72 66
1556 60 46
1557 44 36
1571 75 59
1575 77 30
1575 82 19
1575 94 26
1579 45 35
1581 44 25
1582 51 19
1593 51 14
1601 44 26
1603 70 71
1603 89 40
1608 44 29
1610 79 15
1611 51 18
1612 44 26
1616 44 30
1620 60 13
1620 75 38
1623 79 11
1647 44 32
1651 51 17
1657 51 12
1665 58 59
1665 65 76
1665 84 31
1667 46 54
1667 74 14
1685 93 34
1687 53 52
1687 81 19
1687 87 21
1688 72 25
1689 46 44
1691 74 9
1702 93 19
1705 89 17
1707 69 51
1708 79 55
1708 82 22
1708 86 42
1711 67 64
1713 46 39
1715 65 60
1724 92 14
1733 46 42
1753 86 39
1754 67 62
1756 46 24
1773 46 14
1777 77 41
1777 84 37
1777 93 19
1779 65 63
1792 46 21
1820 69 31
1821 66 54
1821 86 40
1823 67 58
1842 48 46
1843 72 25
1855 48 29
1863 55 52
1863 83 17
1863 89 20
1863 95 19
1864 74 24
1868 48 26
1882 62 57
1882 76 12
1883 81 27
1883 98 11
1886 48 27
1886 70 21
1886 82 35
1886 87 30
1887 97 10
1888 75 52
1889 63 75
1893 81 12
1906 71 21
1906 74 54
1906 81 36
1907 98 21
1908 96 12
1913 48 29
1913 63 72
1914 82 15
1950 77 37
1950 82 29
1951 70 53
1952 48 35
1952 58 65
1958 48 22
1962 92 14
1978 63 33
1983 63 33
1994 67 22
1994 74 9
1998 48 20
2000 92 15
2002 63 18
2016 67 33
2018 62 42
2018 74 54
2019 43 63
2029 77 16
2035 77 15
2036 69 55
2036 78 17
2037 50 52
2038 43 51
2042 77 18
2044 62 13
2044 78 12
2048 77 12
2052 78 24
2058 50 30
2058 77 36
2058 82 25
2059 67 15
2061 43 35
2063 92 20
2064 62 13
2068 62 22
2072 62 26
2082 63 35
2082 81 35
2083 98 16
2084 62 46
2085 96 11
2090 43 19
2100 43 21
2111 50 25
2121 67 12
2121 81 26
2122 62 60
2122 98 9
2125 87 32
2125 91 17
2126 75 53
2126 97 12
2128 63 74
2128 81 18
2135 50 18
2137 43 15
2142 43 29
2144 81 10
2164 67 18
2164 72 66
2164 79 39
2167 44 32
2168 50 14
2169 43 31
2170 60 48
2173 50 9
2173 60 51
2177 50 12
2180 74 18
2182 59 41
2183 82 17
2184 64 31
2184 68 30
2185 45 52
2185 56 58
2185 78 13
2187 44 56
2188 63 55
2203 51 53
2203 70 50
2204 85 11
2205 56 43
2206 44 47
2207 78 33
2207 80 22
2208 94 33
2209 72 21
2209 79 39
2211 51 36
2218 68 52
2223 55 44
2225 56 47
2225 72 30
2225 78 34
2226 44 37
2237 90 16
2245 72 63
2245 77 30
2248 61 34
2249 44 27
2251 60 45
2268 78 31
2269 45 17
2282 60 24
2290 60 22
2295 63 13
2295 78 33
2296 79 17
2298 51 18
2302 51 22
2308 44 22
2309 60 12
2316 79 11
2322 51 16
2331 72 30
2331 80 21
2332 94 25
2334 60 10
2338 77 55
2338 80 32
2338 96 28
2345 51 12
2347 44 18
2358 47 52
2358 58 60
2358 65 59
2359 80 18
2359 84 22
2360 46 56
2368 80 10
2376 74 64
2377 93 46
2378 53 53
2378 81 19
2380 46 36
2381 72 22
2383 87 21
2385 46 38
2388 72 24
2394 84 24
2394 93 38
2399 58 58
2402 46 36
2406 92 19
2407 46 33
2419 62 53
2419 73 51
2419 81 38
2419 96 20
2419 98 20
2420 84 36
2420 91 38
2421 46 26
2421 72 64
2442 82 16
2453 46 33
2465 86 35
2465 93 37
2466 72 39
2466 74 60
2485 67 17
2488 46 35
2490 62 17
2501 92 10
2503 93 31
2504 77 14
2506 72 32
2507 78 29
2507 80 20
2507 94 24
2508 87 33
2515 45 15
2516 75 46
2519 46 16
2521 74 34
2524 72 31
2526 67 59
2526 77 18
2528 48 57
2528 75 38
2534 47 42
2537 48 38
2540 48 41
2546 55 52
2546 83 18
2546 95 22
2547 89 22
2551 74 23
2553 47 23
2556 48 12
2559 76 28
2567 48 16
2568 82 32
2568 87 29
2569 75 49
2570 63 70
2570 97 9
2585 48 29
2592 72 34
2592 74 55
2592 81 37
2592 98 18
2593 96 12
2599 48 21
2601 82 13
2603 63 66
2607 82 14
2608 63 63
2613 63 60
2618 63 57
2622 48 25
2623 63 55
2628 63 52
2633 63 49
2634 70 60
2634 77 34
2636 58 55
2637 48 24
2638 67 27
2644 48 18
2649 92 12
2672 63 25
2678 58 62
2679 63 23
2679 86 14
2686 63 17
2689 92 14
2692 63 15
2698 62 60
2698 67 34
2701 43 64
2718 50 51
2720 43 53
2720 69 54
2722 78 15
2726 77 18
2727 50 34
2730 78 9
2732 50 29
2733 77 13
2738 67 22
2738 77 37
2738 82 27
2739 43 37
2740 70 52
2742 58 42
2746 70 49
2750 92 12
2755 43 28
2758 58 29
2761 67 27
2762 81 39
2763 96 12
2763 98 20
2766 58 26
2767 43 32
2770 58 34
2795 50 19
2805 81 25
2807 55 25
2808 87 29
2809 75 51
2809 91 14
2810 97 9
2811 63 72
2816 50 18
2819 70 12
2824 58 14
2828 43 31
2829 58 13
2833 70 13
2847 58 29
2847 67 18
2847 79 60
2848 72 65
2849 50 19
2853 60 48
2855 43 27
2856 74 26
2863 50 13
2864 60 39
2870 55 38
2870 82 12
2871 68 33
2872 44 60
2872 63 53
2873 90 12
2874 82 28
2875 74 19
2879 44 48
2890 51 51
2890 70 42
2892 44 47
2892 77 60
2892 85 18
2893 96 25
2898 51 31
2911 72 71
2914 44 40
2920 44 40
2923 90 13
2933 82 25
2934 96 28
2936 60 46
2937 44 39
2951 75 36
2958 82 26
2959 78 46
2960 63 23
2961 77 39
2965 63 17
2969 63 18
2976 63 16
2982 44 25
2992 60 9
2998 55 45
2998 75 42
2998 82 34
3000 56 51
3001 45 36
3001 63 64
3003 82 23
3004 44 37
3006 77 16
3038 70 31
3040 77 62
3041 65 59
3041 74 37
3041 84 31
3042 46 55
3042 58 60
3042 82 26
3042 96 32
3043 72 19
3044 75 20
3046 79 22
3047 72 10
3049 74 9
3059 53 57
3059 81 25
3059 93 25
3060 72 27
3060 87 36
3060 91 11
3061 46 52
3062 75 56
3062 94 26
3084 58 58
3085 80 28
3085 96 26
3086 46 44
3086 86 11
3094 92 15
3102 62 54
3102 72 29
3102 81 41
3103 74 54
3103 98 14
3104 87 29
3105 94 23
3110 75 44
3116 87 31
3122 72 21
3122 75 50
3123 81 16
3127 80 32
3127 96 33
3130 46 31
3138 75 51
3151 72 63
3151 91 36
3154 46 22
3170 67 17
3174 62 13
3175 65 15
3177 46 13
3179 53 14
3184 92 12
3192 74 49
3193 80 20
3193 87 31
3194 75 58
3194 89 9
3194 94 23
3195 65 11
3196 72 27
3197 74 46
3197 77 33
3210 74 26
3212 48 55
3212 67 52
3212 75 16
3213 72 63
3214 76 23
3218 75 39
3219 47 36
3221 48 35
3233 55 44
3233 83 22
3233 91 37
3235 75 54
3235 89 13
3244 48 11
3257 48 21
3260 60 31
3262 48 18
3276 82 36
3277 97 11
3279 63 69
3281 48 20
3289 48 38
3318 74 54
3318 81 37
3318 98 17
3319 62 66
3319 96 14
3321 47 35
3323 48 36
3324 62 55
3327 62 63
3332 62 61
3333 72 16
3337 62 59
3352 62 51
3357 62 47
3358 77 31
3359 58 52
3359 67 11
3364 63 39
3368 62 38
3372 63 37
3377 62 36
3381 67 34
3381 92 9
3383 43 66
3383 62 42
3383 81 10
3389 77 18
3392 58 41
3396 77 9
3399 58 37
3400 50 51
3400 69 49
3400 78 17
3401 77 19
3402 43 55
3404 58 39
3408 50 34
3414 50 29
3414 77 13
3421 79 35
3421 95 18
3422 83 17
3423 89 19
3426 69 35
3433 69 31
3443 63 30
3444 81 35
3445 62 60
3445 98 14
3446 43 22
3446 69 26
3448 96 10
3453 69 23
3460 43 27
3467 69 15
3471 58 16
3475 50 18
3480 55 39
3485 81 25
3488 82 35
3488 87 31
3488 91 14
3489 75 52
3489 97 11
3491 63 72
3492 44 13
3509 50 18
3509 74 43
3513 74 33
3514 43 12
3518 43 20
3521 58 22
3525 43 23
3527 67 23
3528 72 65
3528 79 50
3530 74 30
3533 44 24
3533 50 10
3533 60 44
3536 43 22
3541 60 38
3543 50 12
3545 43 16
3549 82 35
3550 68 36
3551 74 23
3551 78 46
3552 45 54
3552 56 58
3556 44 56
3564 79 13
3570 51 50
3570 70 44
3571 77 58
3572 44 52
3572 96 28
3575 79 22
3577 51 34
3590 79 27
3592 68 54
3593 43 46
3593 56 52
3594 82 34
3595 44 47
3595 90 13
3595 91 38
3597 79 56
3603 44 42
3613 82 14
3613 96 30
3616 60 46
3617 44 44
3622 75 44
3633 63 67
3635 83 29
3636 78 44
3636 94 19
3637 77 37
3637 79 57
3637 82 36
3637 97 11
3638 45 47
3640 44 35
3677 55 44
3677 74 31
3677 84 36
3678 68 51
3678 72 61
3679 56 53
3682 77 20
3684 90 14
3703 44 17
3715 70 74
3716 89 45
3719 72 32
3720 84 35
3721 47 51
3721 74 37
3722 58 59
3722 65 53
3722 77 59
3722 87 11
3723 46 49
3724 75 21
3725 79 26
3726 68 28
3731 68 20
3736 68 13
3739 93 24
3740 53 55
3740 75 57
3741 72 37
3741 81 29
3744 91 9
3745 72 25
3746 46 41
3752 46 34
3762 86 13
3764 80 30
3765 46 39
3781 62 52
3781 81 33
3782 98 17
3783 74 52
3783 92 12
3783 96 14
3784 84 14
3785 46 30
3785 72 29
3785 94 33
3788 77 41
3790 46 32
3790 75 47
3798 81 26
3802 72 25
3802 75 59
3806 77 58
3808 80 29
3808 96 25
3812 75 33
3821 46 37
3821 75 51
3829 91 40
3830 72 66
3850 67 19
3851 53 19
3860 53 15
3863 92 13
3869 84 36
3869 91 36
3870 72 60
3876 46 18
3881 77 12
3889 46 30
3892 47 53
3892 67 58
3894 75 39
3895 49 31
3898 47 40
3900 60 44
3901 48 37
3912 55 53
3912 95 22
3913 74 30
3913 82 30
3913 83 30
3913 84 39
3913 89 23
3914 72 80
3914 78 44
3915 75 36
3916 60 21
3921 74 34
3923 48 18
3923 75 30
3924 60 22
3926 74 29
3931 74 24
3933 76 20
3934 82 25
3935 78 46
3935 80 34
3935 83 21
3936 61 37
3938 60 48
3938 75 51
3955 82 32
3955 92 39
3956 48 31
3956 66 33
3957 63 64
3957 80 52
3958 47 36
3961 79 40
3965 48 32
3966 80 41
3976 79 32
3995 79 56
3998 78 39
4000 47 36
4002 48 28
4016 60 30
4019 82 19
4020 77 54
4020 96 25
4021 60 50
4028 67 13
4032 48 17
4032 63 30
4037 63 31
4038 75 51
4039 80 27
4039 94 20
4042 48 22
4058 75 51
4058 94 46
4059 79 15
4060 77 35
4062 81 41
4062 82 48
4063 67 29
4065 43 62
4065 62 49
4066 71 31
4083 50 49
4083 69 42
4086 43 52
4086 78 13
4087 50 35
4096 50 30
4098 75 33
4104 71 21
4106 67 52
4106 89 25
4106 95 22
4107 83 22
4128 77 32
4128 82 25
4129 70 51
4130 58 54
4130 62 35
4135 58 54
4139 92 14
4140 58 53
4140 75 13
4142 55 47
4149 55 46
4149 58 44
4156 55 39
4156 58 44
4163 50 17
4170 74 51
4171 81 32
4172 62 50
4175 67 55
4176 43 25
4185 50 15
4189 58 37
4191 79 62
4191 95 25
4192 55 53
4192 70 23
4192 89 23
4194 82 30
4195 43 38
4195 83 35
4197 44 43
4199 43 33
4202 43 35
4215 81 39
4216 92 41
4217 80 54
4225 43 27
4227 80 43
4236 75 36
4237 82 53
4237 83 30
4237 85 28
4238 54 37
4238 81 46
4239 57 50
4239 63 52
4239 78 10
4240 68 43
4241 44 54
4241 56 63
4242 72 15
4248 78 9
4254 68 37
4255 56 56
4259 51 52
4259 62 44
4260 70 45
4260 79 17
4261 57 40
4261 68 34
4262 44 47
4263 56 51
4267 51 36
4276 68 55
4278 91 43
4279 55 35
4279 78 46
4280 79 65
4281 45 47
4281 56 62
4283 70 33
4285 44 44
4290 90 10
4298 72 65
4298 83 34
4299 81 38
4299 92 39
4300 80 55
4302 82 20
4303 60 49
4305 44 39
4320 91 17
4321 75 67
4321 79 45
4321 88 11
4322 65 40
4322 83 36
4322 85 28
4322 94 50
4323 78 36
4323 81 40
4324 82 56
4325 63 65
4329 44 37
4331 91 17
4338 91 12
4342 51 14
4344 79 22
4348 44 27
4358 51 19
4365 91 43
4366 70 66
4366 78 45
4366 89 47
4367 79 59
4370 45 35
4370 84 12
4372 44 33
4374 90 17
4387 94 21
4389 78 35
4390 72 19
4411 58 62
4411 74 34
4411 77 49
4411 84 21
4412 46 57
4412 65 49
4416 70 71
4432 87 25
4432 93 28
4432 96 28
4433 53 56
4433 63 30
4433 81 24
4435 46 48
4436 84 11
4453 79 19
4454 58 56
4457 46 38
4462 92 10
4471 92 15
4474 74 54
4475 62 55
4475 84 12
4476 81 39
4476 96 12
4476 98 19
4500 81 10
4516 84 39
4516 93 21
4518 65 68
4522 46 19
4538 79 53
4538 82 33
4540 58 51
4540 78 46
4542 47 35
4546 53 18
4546 92 40
4552 46 11
4558 83 28
4559 80 49
4563 79 43
4567 80 39
4578 79 57
4581 78 34
4583 48 45
4583 81 43
4583 83 30
4583 85 28
4583 94 44
4584 67 42
4584 80 40
4584 82 57
4585 72 25
4588 76 11
4591 47 34
4591 60 42
4594 48 32
4595 80 15
4605 76 9
4606 55 50
4606 83 16
4606 89 20
4606 95 20
4607 74 26
4608 48 25
4618 48 16
4623 82 34
4627 72 61
4629 60 38
4640 48 11
4644 75 45
4645 63 61
4645 82 36
4645 92 40
4646 80 52
4647 48 25
4652 48 26
4655 80 41
4659 80 60
4666 81 30
4668 69 30
4668 86 33
4669 67 61
4670 48 34
4670 83 31
4670 94 42
4671 82 56
4675 48 36
4699 80 30
4715 78 29
4716 60 43
4718 48 19
4723 48 32
4726 63 26
4731 63 25
4733 78 25
4734 80 31
4738 75 39
4749 80 12
4758 67 26
4759 62 37
4760 43 57
4763 71 24
4773 80 19
4774 75 43
4774 78 21
4775 87 68
4775 94 19
4778 69 44
4778 74 42
4779 50 53
4781 43 49
4781 78 16
4783 75 33
4786 43 42
4788 50 34
4797 75 38
4799 54 41
4800 67 49
4800 83 17
4800 89 20
4800 95 19
4801 55 51
4810 43 12
4815 43 13
4818 74 63
4818 86 69
4818 93 35
4820 69 34
4822 70 68
4822 77 37
4822 88 11
4825 58 56
4826 43 30
4826 62 30
4829 87 16
4832 43 27
4832 92 14
4844 43 28
4848 55 39
4848 58 43
4851 58 46
4862 89 37
4863 50 33
4864 81 43
4864 85 26
4865 75 15
4865 83 29
4866 77 11
4867 58 39
4867 67 53
4870 58 42
4878 50 9
4881 86 11
4885 74 24
4885 83 17
4885 95 22
4886 55 53
4886 93 11
4888 62 13
4896 43 30
4896 62 19
4907 78 47
4907 91 44
4909 79 54
4910 44 33
4912 62 10
4913 43 25
4917 43 28
4929 54 37
4930 63 43
4931 44 51
4931 70 11
4932 56 58
4951 70 43
4952 51 50
4952 75 44
4954 44 45
4959 51 30
4959 79 17
4961 56 55
4964 51 27
4969 67 37
4970 65 22
4970 80 37
4971 68 55
4971 78 46
4971 79 47
4971 84 14
4973 45 42
4975 43 35
4975 79 52
4977 44 38
4977 70 33
4983 63 14
4983 90 15
4989 72 67
4990 80 55
4990 83 34
4991 61 35
4991 81 28
4994 60 49
4994 79 55
4997 44 33
5007 83 29
5009 80 62
5013 44 27
5014 82 58
5015 85 30
5016 81 43
5017 60 35
5018 63 61
5018 91 11
5021 44 27
5028 44 24
5029 51 16
5030 91 12
5053 45 30
5055 56 52
5056 78 43
5057 45 30
5057 91 40
5058 79 54
5063 44 24
5068 82 30
5073 90 11
5076 83 29
5076 92 39
5078 80 55
5079 82 54
5079 91 11
5080 45 33
5082 44 22
5082 79 37
5088 79 34
5097 79 35
5097 84 33
5098 47 59
5098 70 36
5098 83 33
5098 91 38
5099 65 57
5099 68 32
5099 74 22
5099 81 43
5099 85 31
5100 46 58
5100 58 63
5100 79 54
5102 84 19
5103 74 17
5103 80 33
5106 79 25
5113 79 19
5117 68 18
5120 53 51
5120 81 18
5120 93 21
5121 72 25
5121 87 21
5122 68 11
5139 59 41
5140 70 42
5141 58 48
5142 46 43
5143 72 18
5143 91 45
5144 78 46
5144 79 58
5147 46 43
5158 92 18
5161 72 29
5161 74 54
5161 81 37
5162 62 53
5162 98 19
5164 96 14
5165 84 14
5166 92 13
5169 77 17
5206 72 14
5206 77 58
5206 81 21
5207 96 29
5230 58 56
5230 84 35
5230 93 18
5231 65 63
5232 74 10
5235 53 14
5243 53 13
5245 92 12
5251 46 18
5251 72 24
5251 75 53
5251 94 26
5253 79 30
5274 48 53
5274 67 50
5274 96 30
5275 72 30
5277 79 61
5280 47 39
5283 48 30
5293 55 55
5294 83 37
5295 60 32
5295 93 11
5296 74 29
5298 48 17
5301 77 40
5303 60 29
5305 48 24
5315 71 39
5317 72 53
5317 74 16
5319 48 21
5319 60 43
5327 48 10
5336 75 54
5337 82 36
5338 97 12
5339 63 69
5345 48 34
5381 78 29
5382 72 68
5384 48 28
5402 74 64
5402 79 41
5403 93 37
5407 60 51
5409 48 30
5422 63 29
5424 75 36
5425 63 28
5425 77 54
5425 96 29
5426 67 15
5429 63 24
5434 63 22
5446 67 32
5447 44 53
5449 43 61
5449 62 54
5459 71 22
5467 69 45
5467 84 15
5467 87 34
5467 94 26
5468 43 55
5468 50 57
5468 75 57
5470 77 42
5472 43 50
5475 43 48
5477 50 37
5486 50 26
5488 55 55
5489 83 23
5490 43 42
5490 93 10
5493 43 39
5496 75 39
5501 75 41
5506 75 40
5510 69 47
5512 82 25
5513 70 53
5513 75 32
5514 58 55
5515 43 39
5516 55 52
5518 75 32
5519 58 55
5519 92 16
5526 58 49
5528 75 21
5533 58 46
5543 50 18
5547 50 21
5555 74 62
5556 55 37
5556 58 38
5556 81 35
5556 98 15
5559 58 43
5559 67 52
5559 96 10
5564 43 36
5570 58 37
5573 58 39
5577 83 15
5577 95 19
5578 55 47
5599 93 37
5622 56 57
5622 78 17
5623 63 51
5623 72 12
5623 82 35
5624 44 58
5643 70 47
5643 79 17
5644 51 52
5644 72 71
5644 91 42
5645 56 37
5646 44 39
5649 44 41
5650 51 32
5654 70 42
5663 68 56
5665 56 55
5666 63 25
5669 44 33
5669 79 9
5673 90 19
5675 70 31
5686 63 20
5687 79 65
5689 61 37
5691 60 50
5692 75 31
5693 45 45
5698 44 29
5717 51 15
5724 51 19
5729 51 11
5742 51 20
5747 51 17
5752 51 13
5753 60 15
5755 44 11
5758 60 33
5758 63 41
5758 79 22
5759 74 34
5759 87 32
5760 68 54
5760 82 36
5761 56 57
5761 75 65
5761 97 12
5762 45 29
5762 63 69
5764 79 27
5769 44 14
5769 90 18
5777 44 11
5780 91 44
5781 77 32
5782 79 28
5803 77 41
5803 82 29
5804 70 57
5804 93 22
5805 58 60
5806 65 67
5806 86 11
5809 92 16
5825 80 22
5825 94 31
5826 91 40
5830 82 11
5870 91 56
5871 74 36
5871 81 19
5871 83 23
5872 77 55
5872 80 32
5873 75 34
5875 65 9
5892 78 49
5892 82 38
5893 79 54
5894 75 20
5894 77 50
5895 65 18
5938 82 29
5939 58 60
5940 66 49
5940 75 14
5940 84 37
5940 93 22
5942 65 65
5949 92 12
5958 79 62
5982 72 78
5983 94 33
5984 75 65
5985 86 34
5986 67 60
5988 46 16
5991 45 19
5992 58 46
5995 58 39
5998 58 35
6001 58 31
6028 77 30
6029 94 23
6047 74 32
6047 77 56
6047 82 21
6048 96 30
6049 75 45
6072 91 52
6073 79 54
6073 82 32
6074 78 46
6076 77 41
6112 72 69
6112 86 37
6113 67 59
6113 75 56
6114 61 29
6116 60 46
6134 94 27
6136 77 30
6157 57 35
6157 74 59
6157 81 40
6158 62 58
6158 96 17
6158 98 19
6159 55 53
6159 83 20
6159 89 21
6159 95 21
6169 79 51
6177 83 31
6177 92 42
6178 80 54
6220 82 37
6220 91 54
6221 78 45
6222 79 55
6224 62 20
6263 80 31
6264 77 57
6264 82 26
6264 96 37
6269 55 16
6269 80 13
6283 96 9
6286 56 38
6286 67 52
6287 62 52
6287 83 23
6287 95 23
6288 55 51
6288 74 52
6288 81 34
6289 98 16
6310 87 34
6310 91 38
6310 94 27
6311 75 61
6313 45 19
6314 77 33
6336 56 59
6336 63 51
6337 82 16
6338 44 58
6339 77 20
6354 78 33
6355 94 29
6356 77 34
6356 79 20
6356 82 27
6357 51 50
6357 70 45
6366 51 32
6376 57 46
6376 68 53
6377 78 31
6378 70 36
6378 84 9
6380 44 46
6380 79 45
6388 90 15
6391 94 31
6396 71 32
6397 88 9
6398 72 66
6398 78 30
6399 61 35
6402 60 50
6403 44 42
6418 63 37
6419 75 52
6419 77 33
6419 81 19
6420 82 43
6420 88 9
6421 65 41
6422 97 11
6424 63 67
6426 44 33
6429 99 12
6434 51 18
6439 51 19
6442 89 35
6443 70 64
6445 72 37
6454 51 17
6461 80 25
6462 68 55
6463 56 46
6464 84 14
6465 45 32
6467 44 28
6471 79 13
6472 90 17
6475 84 9
6481 60 20
6482 89 45
6484 70 68
6486 79 10
6489 51 16
6497 51 13
6504 58 65
6504 65 55
6504 74 20
6504 84 31
6506 46 57
6525 93 33
6526 53 48
6527 65 73
6527 81 14
6527 87 19
6528 72 10
6532 72 19
6545 69 48
6545 79 52
6546 58 58
6546 82 24
6547 86 45
6550 67 60
6552 92 17
6554 65 58
6566 67 48
6569 80 55
6569 87 41
6571 68 65
6579 79 47
6588 79 56
6591 67 66
6593 46 38
6593 53 51
6599 80 36
6611 77 41
6612 84 33
6613 93 22
6614 65 62
6621 80 22
6633 72 21
6633 81 15
6634 67 31
6634 87 21
6655 67 63
6655 86 39
6664 58 22
6677 48 59
6677 82 13
6678 76 20
6680 53 37
6682 48 43
6684 47 41
6686 48 39
6696 55 54
6696 83 21
6696 95 25
6697 74 26
6697 89 22
6699 48 28
6705 48 15
6720 62 49
6720 70 22
6720 75 53
6720 82 37
6721 97 11
6723 63 70
6726 91 10
6732 48 41
6740 81 38
6741 74 56
6741 98 17
6742 96 13
6743 72 10
6747 82 16
6769 82 9
6784 77 37
6784 82 21
6785 58 57
6785 70 61
6795 92 13
6805 66 32
6805 79 38
6806 55 56
6806 83 19
6806 95 22
6807 49 31
6807 93 11
6812 48 38
6814 74 17
6820 55 58
6829 86 14
6831 58 58
6835 48 23
6836 58 61
6839 63 14
6840 92 15
6848 58 54
6851 44 56
6852 62 59
6854 43 63
6868 77 13
6872 50 52
6873 58 34
6873 78 15
6874 43 53
6874 69 49
6878 58 32
6883 50 32
6890 50 20
6892 77 38
6892 82 28
6893 58 56
6893 67 21
6894 50 32
6894 70 58
6895 42 31
6897 43 31
6897 92 11
6902 43 18
6903 92 16
6910 43 23
6914 81 37
6915 67 25
6915 98 17
6917 96 12
6920 43 30
6949 50 27
6953 67 14
6953 81 30
6954 98 13
6956 65 39
6957 75 52
6957 91 14
6957 96 10
6958 97 10
6960 63 72
6970 50 15
6975 69 45
6975 78 18
6976 50 43
6980 63 70
6983 43 30
6983 50 26
6988 74 36
6990 63 65
6991 58 36
6998 79 42
6999 72 69
7000 43 30
7000 74 31
7003 60 53
7005 63 53
7006 50 11
7008 43 26
7010 50 19
7010 63 57
7012 43 24
7012 60 46
7017 60 45
7022 45 56
7022 56 60
7022 82 20
7024 44 56
7026 78 14
7036 75 66
7040 77 25
7041 70 48
7041 94 27
7042 79 21
7043 51 53
7044 85 10
7046 44 49
7052 51 34
7061 57 43
7062 68 50
7063 56 55
7065 44 43
7065 94 26
7066 84 9
7067 79 56
7074 90 13
7081 72 63
7083 93 38
7084 74 66
7085 61 33
7085 90 14
7087 60 45
7100 75 45
7105 75 63
7106 78 29
7106 94 28
7110 44 32
7117 51 22
7124 74 35
7129 78 31
7130 75 53
7130 94 20
7133 82 31
7134 78 45
7136 45 32
7138 44 26
7138 51 16
7142 51 21
7143 60 11
7148 70 28
7149 55 52
7149 80 23
7150 65 20
7150 68 50
7150 75 45
7151 56 53
7152 45 33
7153 63 13
7154 44 25
7168 90 11
7172 77 58
7172 82 23
7173 96 30
7174 72 10
7174 79 39
7178 44 22
7185 44 9
7185 72 9
7193 65 58
7193 84 18
7194 46 50
7194 70 24
7195 58 55
7201 79 13
7213 93 40
7214 74 69
7216 53 54
7216 81 19
7217 72 21
7217 87 22
7221 46 33
7221 72 25
7231 46 24
7235 58 61
7236 93 35
7240 87 17
7241 46 31
7247 92 16
7256 72 64
7256 81 34
7256 91 35
7257 62 55
7257 87 10
7258 98 17
7277 93 43
7278 89 23
7279 65 68
7280 72 63
7282 62 50
7285 62 47
7286 46 18
7288 62 47
7291 98 10
7293 62 45
7296 62 42
7297 93 22
7298 46 12
7299 62 41
7302 62 39
7302 91 37
7303 93 16
7305 46 24
7310 62 32
7328 62 23
7332 53 16
7334 62 19
7335 92 15
7338 53 12
7338 62 14
7344 75 68
7344 94 27
7346 62 12
7348 77 25
7362 72 56
7366 48 60
7366 67 50
7371 60 51
7373 47 42
7375 48 40
7385 94 22
7388 55 54
7388 83 31
7388 89 36
7389 76 39
7390 96 28
7391 77 55
7393 48 30
7421 48 13
7425 48 22
7431 82 40
7432 62 36
7432 91 18
7433 97 10
7434 63 68
7435 77 30
7439 91 9
7444 48 39
7475 77 37
7476 91 44
7477 78 46
7477 79 55
7481 48 35
7483 77 12
7492 72 61
7498 60 43
7517 80 36
7517 82 30
7518 78 45
7519 79 59
7521 60 25
7522 48 32
7539 67 38
7540 57 25
7540 70 29
7540 74 36
7541 62 56
7542 43 66
7542 71 36
7545 77 12
7561 69 42
7562 50 50
7562 78 15
7563 43 55
7565 50 34
7574 50 30
7583 67 49
7583 71 15
7584 89 19
7584 95 16
7588 78 9
7604 69 50
7604 77 32
7604 82 21
7605 58 51
7610 58 51
7611 43 34
7615 58 47
7619 92 11
7626 55 34
7629 58 42
7636 58 41
7636 77 9
7645 55 36
7645 58 33
7646 77 10
7646 81 31
7647 98 15
7650 55 38
7656 43 12
7657 58 38
7660 50 11
7663 43 13
7664 50 15
7667 79 36
7668 55 53
7668 83 16
7668 89 23
7668 95 21
7678 43 44
7709 63 54
7710 44 59
7710 72 51
7710 82 36
7710 90 15
7711 79 51
7714 44 54
7715 56 61
7728 70 41
7729 77 50
7730 96 25
7731 44 51
7752 44 47
7752 72 63
7753 90 14
7753 91 51
7753 92 10
7754 78 47
7755 79 54
7756 77 54
7762 70 27
7771 82 27
7772 96 28
7776 60 44
7792 63 65
7794 83 32
7794 94 16
7795 78 45
7796 79 55
7796 82 25
7797 77 44
7799 56 62
7801 44 39
7804 79 43
7814 44 17
7814 51 9
7821 44 15
7826 44 11
7829 51 19
7837 83 34
7837 91 53
7837 96 17
7838 72 54
7838 78 48
7839 46 20
7839 82 20
7841 79 53
7843 77 17
7848 79 40
7852 44 30
7855 90 11
7876 70 78
7876 89 30
7879 84 25
7880 74 31
7880 77 55
7880 96 28
7881 46 55
7881 65 49
7881 92 11
7882 75 14
7883 58 59
7883 79 24
7888 80 13
7889 68 27
7893 80 13
7901 73 23
7901 79 18
7902 64 35
7902 75 55
7902 81 26
7902 93 26
7903 53 57
7904 46 39
7904 63 32
7904 72 25
7908 46 41
7909 72 27
7922 58 59
7922 79 30
7923 86 13
7923 96 34
7925 92 13
7928 46 33
7929 84 11
7941 62 52
7941 74 59
7942 81 37
7942 98 18
7943 84 12
7944 46 34
7944 75 55
7945 74 57
7945 77 61
7963 45 9
7964 75 50
7966 66 45
7966 84 41
7966 93 22
7968 65 63
7968 80 30
7971 74 34
7972 62 39
7978 75 62
7980 46 30
7990 91 36
7991 72 63
7993 46 33
7993 62 22
8002 62 27
8008 67 16
8008 69 38
8009 53 26
8011 46 34
8013 62 14
8016 53 20
8023 92 11
8029 72 28
8040 46 22
8052 60 48
8052 67 48
8052 72 68
8053 48 56
8055 60 49
8056 48 44
8058 47 44
8060 48 41
8060 60 50
8072 91 38
8073 55 54
8073 83 23
8073 95 24
8074 89 23
8076 75 32
8081 75 29
8082 74 32
8093 48 20
8099 60 47
8099 75 55
8109 48 24
8118 82 33
8119 62 34
8120 97 10
8121 48 30
8121 63 67
8125 48 28
8142 48 32
8160 72 66
8164 60 51
8165 48 27
8185 60 31
8190 60 28
8202 71 51
8202 84 42
8204 72 60
8205 67 12
8224 47 47
8224 67 31
8225 74 40
8226 62 53
8227 43 65
8245 70 71
8246 89 42
8247 50 54
8247 78 15
8248 84 12
8249 43 52
8251 50 33
8269 67 49
8269 95 21
8270 83 20
8275 83 11
8283 89 20
8290 77 38
8292 41 13
8292 58 58
8297 58 60
8297 92 17
8304 43 19
8304 58 53
8309 43 19
8313 43 22
8313 55 47
8313 58 48
8320 58 49
8331 63 36
8331 81 36
8332 67 57
8332 98 17
8333 62 47
8333 96 13
8337 58 46
8347 50 15
8349 43 15
8353 95 25
8354 83 24
8354 89 25
8354 93 15
8355 55 58
8362 43 28
8392 72 69
8392 91 55
8395 44 54
8396 82 39
8397 56 58
8397 79 61
8398 63 51
8398 74 23
8401 44 53
8402 56 61
8414 51 50
8414 70 43
8414 85 14
8415 77 58
8415 96 32
8421 51 29
8436 82 32
8438 43 42
8438 56 41
8442 44 47
8454 70 27
8456 96 35
8457 87 12
8462 60 44
8464 44 44
8478 75 51
8478 82 42
8479 65 34
8481 77 35
8482 63 66
8482 97 10
8485 44 37
8498 51 12
8507 44 13
8508 51 12
8512 44 16
8516 51 14
8523 56 54
8523 83 35
8525 90 17
8527 77 24
8535 44 31
8562 70 63
8562 89 39
8563 77 60
8564 47 58
8564 65 51
8564 84 29
8564 86 18
8565 58 61
8565 96 30
8566 46 58
8567 75 18
8568 68 38
8569 74 34
8573 68 32
8578 68 26
8585 53 52
8585 72 40
8585 79 26
8585 81 25
8586 75 59
8588 46 49
8591 72 26
8605 74 29
8606 79 27
8607 75 42
8607 96 27
8608 58 50
8609 46 47
8609 72 15
8611 92 17
8626 78 29
8626 81 39
8627 62 56
8627 72 44
8627 74 65
8627 87 37
8627 98 23
8628 75 59
8629 77 67
8631 75 57
8647 75 58
8648 66 48
8649 84 43
8649 93 23
8650 65 64
8654 81 12
8658 46 16
8658 62 43
8661 62 41
8662 46 20
8664 62 38
8670 72 78
8671 91 41
8672 62 31
8675 62 31
8677 46 14
8681 62 26
8684 46 33
8692 59 47
8692 69 42
8692 82 25
8693 67 20
8694 58 55
8694 96 12
8695 62 26
8696 65 10
8697 46 29
8701 53 11
8701 62 15
8708 65 28
8708 92 10
8711 62 10
8712 74 29
8712 91 38
8714 92 11
8714 94 27
8715 75 56
8716 46 23
8718 77 29
8722 45 15
8725 46 16
8733 67 49
8734 48 56
8735 82 15
8736 70 32
8741 47 41
8744 48 41
8756 78 47
8756 80 36
8756 82 30
8756 91 50
8757 55 58
8757 89 25
8757 95 26
8758 79 59
8758 83 30
8758 93 9
8759 47 29
8766 48 31
8766 74 39
8777 78 51
8778 88 13
8779 47 35
8781 60 52
8785 75 16
8789 75 13
8793 75 15
8798 64 35
8798 74 39
8798 83 42
8798 92 39
8799 80 50
8799 87 28
8800 75 52
8800 82 36
8801 63 68
8801 97 11
8811 48 29
8814 60 36
8814 80 40
8826 91 12
8835 79 62
8846 48 27
8862 74 27
8862 88 16
8863 77 56
8863 81 19
8863 82 20
8863 96 33
8866 60 53
8868 55 14
8872 48 17
8877 63 33
8883 80 21
8884 63 29
8884 75 53
8884 94 44
8889 48 20
8903 63 30
8904 81 41
8904 85 27
8905 82 50
8906 67 32
8908 43 63
8908 75 32
8909 62 54
8913 75 29
8916 71 24
8918 75 27
8925 75 24
8927 69 44
8927 84 12
8928 50 52
8928 78 16
8930 43 54
8937 50 34
8948 84 67
8949 55 56
8949 79 36
8949 83 32
8950 67 56
8950 89 23
8955 43 47
8955 81 10
8955 83 30
8960 82 11
8961 78 9
8967 81 40
8968 94 40
8969 77 29
8969 82 52
8970 70 49
8971 86 68
8973 44 29
8974 55 55
8976 58 51
8978 44 28
8983 55 42
8983 58 44
8989 92 10
8990 55 34
8990 58 40
8997 55 34
8997 58 37
8999 77 10
9000 58 40
9010 81 38
9010 85 27
9011 55 44
9014 84 12
9023 55 39
9025 58 36
9029 43 23
9030 55 29
9030 58 31
9033 95 22
9034 55 57
9034 80 38
9034 89 24
9034 91 44
9035 78 42
9035 93 10
9036 83 26
9037 79 56
9038 44 34
9044 43 28
9050 70 15
9050 81 38
9050 83 32
9051 92 39
9052 80 53
9054 44 36
9056 43 15
9060 43 19
9061 80 49
9071 82 51
9072 86 27
9072 91 37
9073 78 40
9077 81 45
9077 83 31
9077 85 29
9078 45 53
9078 63 53
9078 68 41
9078 72 16
9078 80 44
9079 86 11
9080 44 51
9080 56 58
9080 79 37
9099 51 52
9099 70 47
9100 75 53
9100 85 10
9102 44 46
9103 51 40
9106 51 36
9111 51 33
9117 57 40
9117 80 37
9118 68 52
9118 84 20
9118 91 41
9119 56 53
9119 79 51
9120 78 40
9127 79 45
9131 90 15
9136 81 39
9136 83 29
9136 92 41
9138 72 65
9138 80 55
9141 61 31
9143 44 30
9143 60 48
9143 79 14
9150 79 34
9158 91 45
9159 78 44
9159 82 54
9162 65 41
9162 81 44
9162 85 30
9163 79 38
9164 62 38
9166 63 69
9166 68 60
9167 45 30
9168 79 62
9169 44 24
9176 51 21
9181 51 18
9196 51 21
9203 57 51
9203 71 52
9204 84 15
9204 89 40
9205 56 58
9205 70 68
9205 78 43
9208 45 34
9211 90 18
9214 44 23
9224 83 23
9225 90 21
9226 70 72
9230 43 14
9233 44 20
9248 47 53
9248 58 58
9249 65 47
9249 74 12
9249 84 19
9250 46 51
9250 77 64
9269 87 23
9269 93 23
9269 96 26
9270 53 55
9273 79 20
9274 81 18
9288 79 18
9289 72 30
9290 96 15
9291 58 61
9294 46 40
9296 92 10
9304 92 14
9311 74 54
9312 62 55
9312 81 37
9313 98 19
9314 96 11
9315 92 11
9355 66 46
9355 93 27
9356 84 42
9357 65 68
9378 79 51
9381 47 37
9387 46 21
9388 53 14
9389 92 42
9392 53 15
9397 81 31
9397 83 27
9398 74 10
9398 80 52
9401 79 46
9407 80 47
9413 79 33
9418 91 41
9419 62 13
9419 78 41
9420 46 31
9421 77 32
9421 79 52
9422 67 49
9422 72 67
9422 83 33
9422 85 26
9422 94 44
9423 48 59
9423 81 46
9425 76 34
9425 80 36
9426 49 39
9426 79 50
9427 60 50
9428 48 42
9442 55 54
9442 74 26
9442 83 20
9442 89 23
9442 95 26
9443 49 35
9445 48 31
9447 82 12
9448 48 27
9462 82 31
9463 80 33
9464 78 47
9465 79 57
9467 61 32
9470 60 40
9472 48 36
9477 89 9
9483 87 28
9483 92 36
9484 75 58
9484 80 45
9484 82 53
9486 63 66
9486 97 9
9490 48 27
9497 80 47
9503 78 45
9504 79 64
9505 80 45
9506 48 38
9506 81 43
9507 86 43
9509 67 62
9511 47 30
9513 48 28
9534 60 28
9547 72 64
9550 78 32
9552 60 50
9560 48 26
9560 82 25
9563 63 31
9567 80 25
9568 63 28
9571 78 31
9572 55 13
9575 48 13
9579 48 11
9593 67 30
9594 71 34
9594 74 36
9595 43 66
9595 62 46
9596 75 34
9603 75 44
9610 87 68
9610 94 14
9614 69 44
9614 88 25
9615 74 48
9615 78 18
9616 43 54
9616 50 49
9617 75 43
9618 79 9
9620 74 66
9625 50 32
9634 55 57
9636 83 24
9636 89 27
9636 93 12
9636 95 24
9637 43 45
9639 69 31
9652 86 69
9655 93 33
9657 82 38
9658 58 57
9658 70 72
9658 77 37
9660 85 20
9662 87 17
9663 58 58
9665 92 17
9668 58 53
9675 58 51
9684 58 46
9689 58 47
9694 89 43
9695 75 26
9695 94 42
9696 58 47
9698 55 43
9700 81 39
9700 85 27
9701 83 33
9703 55 45
9703 58 42
9703 75 11
9710 55 40
9710 58 45
9711 43 29
9715 58 47
9720 55 59
9720 95 28
9721 62 32
9721 79 61
9723 83 34
9727 44 38
9729 43 33
9729 93 9
9730 83 11
9738 78 42
9739 79 62
9741 44 39
9741 80 52
9741 83 29
9746 62 22
9747 43 36
9754 89 10
9755 80 47
9761 83 38
9761 85 30
9761 94 42
9762 78 22
9763 45 53
9763 82 49
9764 56 58
9764 63 46
9764 86 13
9765 91 12
9766 44 54
9766 79 29
9767 72 10
9771 79 21
9777 79 11
9783 70 43
9784 51 51
9784 79 14
9786 44 50
9787 56 57
9788 51 34
9793 51 31
9804 78 44
9804 80 45
9804 84 17
9804 91 43
9805 68 57
9806 79 58
9810 90 9
9818 90 15
9823 81 38
9823 83 33
9823 92 43
9824 72 63
9826 61 27
9829 60 46
9833 44 31
9843 82 27
9847 83 39
9847 85 31
9847 94 44
9849 75 49
9849 82 50
9850 44 32
9850 63 66
9850 97 9
9856 51 16
9861 44 28
9866 51 16
9877 51 13
9888 57 44
9889 83 23
9890 56 52
9890 70 74
9890 78 42
9890 89 53
9890 94 20
9892 45 37
9896 44 28
9901 90 12
9913 90 20
9916 45 33
9918 44 23
9922 44 22
9934 84 23
9935 47 59
9935 65 59
9935 74 30
9936 58 62
9936 68 30
9936 92 9
9937 46 56
9955 71 60
9956 93 28
9956 96 23
9957 53 56
9957 58 44
9957 70 66
9957 87 24
9958 46 51
9958 81 24
9958 84 15
9959 74 17
9959 79 24
9962 81 16
9967 72 30
9968 81 10
9976 79 17
9979 84 17
9980 46 44
9980 86 9
9982 92 11
9998 74 52
9998 84 12
9999 62 55
9999 81 39
9999 98 20
10000 96 13
10002 92 10
10024 81 10
10042 84 40
10042 93 23
10043 65 69
10056 46 20
10063 82 25
10064 58 60
10068 46 30
10069 92 15
10076 53 16
10083 72 28
10083 75 59
10083 80 25
10083 83 11
10083 94 31
10085 46 26
10088 45 21
10093 45 17
10096 46 11
10105 48 56
10105 72 53
10105 77 59
10105 79 29
10106 67 48
10106 96 33
10107 58 48
10107 75 61
10107 80 31
10122 80 24
10123 70 21
10123 94 26
10125 77 44
10125 95 23
10126 55 53
10126 79 54
10127 82 33
10129 83 26
10137 48 14
10168 48 17
10172 82 38
10173 65 47
10173 97 12
10175 63 69
10177 48 24
10181 48 27
10203 79 53
10216 69 29
10217 66 51
10217 86 35
10219 67 55
10222 48 16
10238 72 65
10244 60 45
10250 48 13
10251 63 32
10284 63 34
10285 74 30
10286 67 20
10287 43 64
10288 62 45
10301 71 23
10304 60 31
10304 69 43
10305 78 15
10307 43 53
10307 62 31
10308 50 35
10313 50 36
10316 74 37
10317 55 60
10324 95 24
10325 62 34
10325 83 22
10325 89 27
10327 93 12
10329 43 38
10347 77 35
10348 70 54
10349 62 67
10350 55 56
10350 58 54
10353 43 35
10354 92 14
10355 58 55
10360 58 52
10364 55 46
10369 55 47
10376 55 42
10376 58 43
10383 55 41
10383 58 44
10388 55 45
10389 81 33
10390 98 16
10391 77 12
10392 96 11
10395 55 43
10395 58 42
10400 58 41
10406 43 21
10407 58 36
10410 65 36
10410 75 59
10411 91 16
10412 67 58
10412 95 30
10413 55 59
10413 83 28
10413 89 29
10413 97 10
10414 63 72
10414 78 33
10416 93 10
10420 43 28
10428 83 14
10431 73 39
10431 81 31
10431 86 38
10432 93 39
10433 96 11
10434 74 59
10435 44 30
10439 43 23
10440 82 39
10449 43 20
10454 94 40
10455 43 45
10455 64 65
10456 84 16
10457 45 59
10457 56 53
10457 72 36
10457 80 28
10458 63 69
10458 77 34
10459 44 54
10459 67 38
10461 56 59
10475 91 13
10476 44 53
10476 51 53
10476 70 45
10476 79 14
10483 87 68
10487 51 32
10496 68 53
10497 56 56
10499 84 11
10499 86 19
10500 44 41
10500 90 10
10516 90 16
10517 79 42
10518 72 65
10518 85 22
10518 86 66
10518 88 14
10523 60 48
10529 63 36
10542 88 17
10550 51 19
10555 51 18
10561 75 56
10562 65 35
10562 82 37
10566 63 75
10569 44 17
10570 51 19
10573 44 12
10578 86 10
10579 79 22
10583 55 49
10583 80 37
10583 97 14
10584 68 51
10585 56 50
10586 78 34
10593 44 25
10595 90 10
10602 79 58
10603 86 37
10604 67 61
10609 45 31
10609 72 11
10615 44 24
10626 77 64
10627 82 27
10627 84 40
10627 93 26
10628 47 52
10628 70 54
10628 92 10
10629 58 59
10630 46 52
10630 65 63
10637 86 17
10639 63 54
10641 68 35
10642 63 55
10646 65 60
10646 93 31
10647 81 23
10648 53 57
10648 72 26
10649 58 44
10650 46 42
10670 79 15
10670 86 22
10671 58 51
10674 46 36
10675 92 11
10688 74 50
10689 62 53
10689 81 34
10689 92 22
10690 98 18
10692 91 65
10692 96 11
10696 46 30
10696 92 14
10713 89 67
10719 46 34
10733 66 50
10733 77 48
10733 84 39
10733 93 19
10735 65 66
10752 80 26
10753 75 66
10754 58 58
10754 91 17
10755 72 29
10755 86 15
10757 64 65
10757 92 20
10758 63 66
10758 77 28
10760 46 31
10763 53 18
10766 91 13
10774 72 83
10774 79 48
10786 58 51
10795 77 12
10797 82 20
10798 60 61
10798 67 53
10799 48 54
10799 88 14
10805 47 40
10807 48 37
10809 82 17
10810 48 40
10813 88 18
10815 70 29
10817 55 52
10817 89 23
10817 95 21
10818 83 18
10822 63 32
10824 48 14
10825 74 64
10830 63 26
10834 93 33
10838 88 18
10840 87 32
10840 94 27
10842 60 41
10847 75 48
10849 74 49
10854 74 45
10855 48 12
10858 82 31
10859 75 55
10860 63 65
10862 47 16
10867 48 22
10889 48 28
10901 68 45
10901 86 62
10903 67 59
10906 48 22
10922 85 14
10922 88 22
10926 55 21
10926 61 41
10926 87 65
10928 60 51
10938 48 17
10945 86 22
10949 48 14
10965 47 48
10966 67 33
10967 74 29
10968 43 64
10968 62 44
10976 71 24
10984 61 35
10984 69 41
10985 50 51
10987 43 56
10987 78 13
10988 55 59
10991 62 12
10996 50 31
11006 62 23
11006 83 21
11006 89 25
11006 93 14
11006 95 23
11029 69 45
11030 77 34
11030 82 24
11031 70 52
11033 55 56
11033 58 52
11033 62 27
11035 43 33
11037 92 13
11040 55 50
11040 58 50
11044 86 10
11047 55 43
11047 58 47
11052 43 9
11054 55 38
11054 58 43
11057 58 44
11065 43 13
11068 55 41
11068 58 43
11069 77 10
11070 63 34
11070 81 36
11071 74 46
11071 98 14
11072 62 58
11073 55 44
11080 55 41
11080 58 42
11085 43 16
11087 58 39
11088 65 34
11089 87 44
11089 91 10
11089 94 34
11090 75 50
11090 97 9
11091 44 32
11092 55 65
11092 63 70
11092 79 42
11092 95 28
11093 83 31
11093 89 27
11093 93 15
11095 72 31
11095 77 31
11097 44 39
11097 70 21
11098 76 46
11099 43 35
11099 83 16
11101 74 50
11102 43 35
11113 93 37
11114 81 36
11114 96 15
11116 62 69
11117 63 56
11118 62 55
11120 43 28
11120 63 68
11125 75 74
11128 43 22
11132 62 55
11134 82 39
11134 91 13
11136 46 47
11136 63 70
11137 72 39
11137 78 42
11139 44 52
11139 68 43
11140 56 61
11144 56 57
11157 70 45
11158 51 52
11160 79 12
11161 44 44
11165 51 34
11177 86 67
11178 43 37
11179 56 49
11179 63 21
11181 90 18
11182 44 39
11199 79 37
11200 72 62
11200 85 15
11202 61 31
11205 60 44
11206 44 33
11210 44 33
11225 44 31
11238 63 75
11241 70 20
11241 82 39
11244 44 35
11259 79 10
11261 69 31
11262 45 34
11262 57 51
11262 80 29
11262 97 15
11263 68 54
11263 72 19
11263 78 28
11264 56 58
11264 86 10
11266 45 36
11271 44 26
11278 90 13
11281 79 63
11281 86 37
11283 67 66
11284 92 11
11287 80 16
11298 51 15
11298 72 9
11306 70 28
11306 77 65
11306 93 25
11307 47 49
11307 58 56
11307 65 70
11307 84 37
11309 46 44
11315 101 13
11328 53 55
11328 81 22
11329 72 27
11329 87 66
11332 46 34
11348 58 53
11348 96 12
11349 86 25
11352 46 31
11354 92 11
11362 92 26
11366 74 51
11367 81 37
11368 62 53
11370 96 11
11372 46 29
11372 91 65
11373 84 15
11376 46 30
11386 89 65
11389 81 16
11396 46 23
11400 46 16
11405 46 11
11410 66 46
11410 77 51
11411 84 41
11411 93 27
11412 65 67
11422 46 11
11429 62 42
11430 75 52
11431 69 31
11431 82 33
11431 91 16
11431 94 40
11432 97 11
11434 70 51
11435 58 51
11435 63 68
11438 53 21
11439 91 15
11442 87 18
11448 91 45
11449 92 14
11454 72 79
11454 79 52
11461 60 50
11466 60 45
11473 82 22
11476 48 53
11476 67 44
11478 58 32
11478 88 13
11480 48 43
11489 82 12
11490 58 36
11493 88 17
11497 83 21
11497 95 23
11498 55 55
11498 89 23
11499 74 52
11499 93 9
11517 88 20
11519 77 32
11519 83 20
11520 87 35
11520 94 28
11521 60 46
11521 75 57
11521 78 29
11524 74 47
11526 75 46
11534 48 9
11536 74 26
11538 63 66
11538 82 31
11539 70 35
11540 97 11
11550 48 21
11566 48 30
11580 69 32
11581 86 38
11582 67 61
11594 48 13
11596 60 22
11605 86 26
11606 55 16
11606 60 47
11606 87 64
11615 63 29
11616 48 15
11618 63 30
11628 48 16
11647 74 30
11648 62 44
11648 71 32
11649 43 63
11653 71 28
11663 87 9
11668 69 41
11669 50 50
11669 61 24
11669 78 13
11671 43 52
11672 50 35
11673 75 11
11678 72 17
11679 50 31
11689 67 55
11689 95 26
11690 55 60
11690 83 23
11690 89 27
11690 93 9
11696 62 21
11713 70 52
11713 77 34
11714 62 18
11719 43 19
11719 55 51
11719 58 55
11719 92 14
11723 43 21
11726 55 45
11726 58 49
11733 55 42
11733 58 45
11740 55 37
11740 58 45
11747 55 38
11749 43 12
11753 62 54
11754 55 43
11754 58 42
11754 81 35
11755 77 10
11755 98 16
11757 67 55
11757 96 10
11759 55 43
11759 58 39
11765 43 32
11766 55 38
11766 58 41
11773 58 37
11777 50 17
11798 55 50
11798 83 20
11798 89 25
11798 95 21
11799 93 9
11803 44 29
11805 43 26
11823 75 57
11824 78 17
11824 80 29
11824 84 22
11825 56 60
11825 82 20
11825 90 22
11826 63 50
11826 72 18
11827 44 54
11830 89 10
11832 55 42
11835 56 58
11835 90 24
11847 78 28
11848 72 15
11848 82 11
11848 94 21
11868 74 65
11868 93 38
11889 82 40
11890 70 72
11890 89 43
11903 44 15
11927 56 27
11935 82 41
11935 89 43
11936 70 67
11951 44 23
11958 74 22
11965 74 10
11967 45 18
11970 44 15
11975 56 20
11978 72 67
11978 91 39
11980 70 48
11983 70 43
11986 70 77
12001 65 70
12001 75 12
12002 57 56
12002 80 14
12002 86 15
12003 92 18
12004 58 66
12005 46 53
12006 72 40
12006 74 21
12012 80 11
12022 92 16
12022 93 21
12033 74 12
12044 79 56
12044 86 45
12047 67 64
12048 46 34
12069 46 28
12092 67 62
12093 46 39
12100 77 44
12111 84 40
12111 93 16
12112 65 71
12134 93 27
12143 46 14
12154 70 71
12158 58 17
12168 46 20
12176 60 47
12176 67 43
12177 72 67
12178 48 51
12178 88 18
12179 76 13
12182 48 39
12182 70 46
12185 48 37
12185 70 41
12188 70 35
12191 70 30
12197 71 57
12197 82 44
12198 89 41
12199 70 74
12199 76 16
12201 72 45
12203 48 21
12208 48 9
12237 48 16
12244 67 16
12245 72 71
12246 91 37
12248 48 33
12284 91 41
12291 48 23
12297 70 35
12300 70 32
12303 70 30
12307 74 63
12308 93 36
12309 70 30
12326 80 25
12327 75 57
12327 78 30
12327 94 26
12328 60 11
12332 48 20
12351 67 31
12352 57 24
12352 62 38
12354 43 61
12354 70 34
12358 70 30
12363 71 22
12370 69 40
12372 50 47
12373 43 51
12373 78 11
12393 79 40
12394 55 59
12394 83 22
12394 89 26
12394 95 26
12395 93 11
12414 77 36
12415 82 26
12416 43 33
12416 70 55
12418 42 30
12420 43 31
12420 55 54
12420 58 57
12421 92 15
12423 43 23
12425 58 52
12427 55 48
12434 55 48
12434 58 48
12440 86 9
12441 55 45
12441 58 43
12446 58 47
12451 43 11
12455 55 41
12460 55 42
12460 58 37
12461 74 49
12462 81 32
12463 62 42
12463 98 12
12465 58 44
12465 67 20
12469 43 31
12475 50 15
12505 79 39
12505 95 24
12506 55 73
12506 83 21
12506 89 25
12509 93 9
12510 43 29
12529 63 52
12529 72 29
12529 78 21
12529 80 24
12530 68 61
12530 82 21
12532 44 59
12532 56 75
12533 89 13
12536 90 21
12542 78 18
12549 94 22
12550 75 58
12550 78 23
12556 82 20
12571 72 31
12572 94 21
12593 72 23
12594 78 30
12594 94 27
12595 76 43
12596 75 64
12614 72 22
12614 78 30
12616 94 21
12619 44 32
12624 63 11
12634 72 26
12635 78 27
12635 94 25
12640 44 35
12641 78 43
12641 82 30
12641 91 41
12642 79 51
12647 44 38
12680 86 38
12680 93 39
12681 74 67
12697 56 41
12702 47 48
12702 65 44
12703 58 68
12703 80 15
12703 82 19
12703 84 16
12704 46 51
12711 92 16
12722 92 10
12724 93 38
12768 80 26
12769 72 33
12769 87 34
12769 94 27
12770 75 60
12770 77 30
12785 74 65
12790 93 34
12795 46 22
12798 58 22
12804 75 41
12809 75 43
12810 72 64
12810 91 37
12816 74 30
12816 75 34
12820 46 12
12824 74 29
12826 75 24
12828 74 28
12831 70 73
12831 75 19
12831 89 45
12834 72 43
12835 74 21
12836 46 16
12838 75 18
12842 72 31
12845 58 26
12845 72 31
12851 72 27
12859 72 69
12860 91 40
12862 46 16
12862 75 19
12879 60 44
12879 67 49
12880 48 56
12880 76 16
12884 48 37
12886 47 36
12888 48 29
12896 70 27
12899 55 48
12900 74 21
12900 83 14
12900 89 17
12900 95 17
12902 48 29
12923 72 67
12928 60 37
12943 75 49
12943 82 32
12946 63 65
12952 48 32
12984 91 45
12991 48 24
13009 54 48
13009 67 55
13009 84 41
13010 72 66
13010 89 23
13010 95 25
13011 55 56
13011 74 21
13011 83 23
13012 48 31
13015 74 29
13030 74 28
13034 78 45
13034 82 32
13037 74 15
13040 48 18
13055 62 51
13058 43 65
13060 71 41
13075 70 69
13075 89 38
13076 50 52
13076 84 21
13077 77 54
13078 96 26
13081 79 17
13085 50 32
13088 50 32
13098 79 34
13099 67 48
13099 95 19
13100 83 19
13107 83 9
13113 70 52
13123 58 50
13125 43 37
13128 58 50
13133 58 46
13137 92 10
13140 58 42
13149 58 40
13153 50 17
13168 58 38
13175 58 38
13175 81 27
13183 50 18
13184 58 31
13185 43 25
13189 58 32
13201 58 25
13208 58 26
13215 58 22
13218 50 11
13222 58 20
13244 58 26
13245 50 10
13248 79 33
13254 67 33
13254 86 18
13254 91 67
13266 55 14
13268 50 13
13271 43 15
13280 67 14
13286 58 14
13308 55 9
13329 55 10
13545 80 44
13546 69 44
13546 74 31
13546 78 46
13546 82 31
13546 83 39
13546 86 49
13546 91 41
13547 55 59
13547 62 26
13547 67 83
13547 89 44
13547 93 14
13549 47 35
13567 54 45
13568 93 15
13569 55 65
13569 74 40
13589 62 17
13589 75 45
13589 83 39
13589 92 43
13591 48 33
13591 71 13
13591 80 66
13591 84 19
13594 55 67
13595 90 21
13597 56 61
13597 68 72
13598 67 64
13600 68 72
13604 68 70
13605 67 60
13606 68 68
13607 57 44
13609 67 54
13611 45 61
13611 56 58
13611 68 70
13611 82 65
13612 63 53
13612 70 73
13612 78 29
13612 83 33
13612 85 29
13613 86 28
13614 44 59
13615 56 64
13616 84 13
13622 78 13
13632 79 17
13633 51 55
13633 85 12
13634 44 52
13635 72 15
13637 70 49
13639 51 37
13640 79 23
13643 51 34
13654 57 43
13654 91 39
13655 79 67
13656 66 57
13656 86 36
13657 43 36
13657 56 55
13658 67 63
13659 45 46
13661 44 46
13669 90 21
13671 67 45
13673 72 68
13674 67 67
13676 61 36
13676 92 47
13677 70 48
13677 80 70
13677 83 33
13679 60 51
13679 68 67
13680 82 16
13681 79 60
13682 44 44
13683 70 38
13689 70 32
13692 70 30
13698 91 18
13699 63 28
13699 82 44
13699 84 19
13699 85 30
13699 89 43
13700 70 70
13700 81 45
13702 60 31
13702 72 49
13709 44 30
13712 44 16
13712 51 24
13719 63 37
13719 75 54
13719 91 20
13720 65 38
13721 97 11
13722 63 69
13724 79 23
13730 44 22
13732 51 22
13736 79 70
13740 80 35
13741 57 50
13741 78 45
13742 68 55
13742 86 38
13743 56 54
13744 67 64
13744 84 13
13745 72 17
13748 44 36
13753 90 17
13754 70 17
13757 67 44
13761 67 42
13762 82 33
13763 68 54
13765 66 49
13766 45 44
13768 67 56
13769 82 27
13770 44 36
13778 67 37
13782 67 48
13785 65 70
13785 74 36
13785 84 33
13785 92 12
13786 46 58
13786 58 63
13791 68 45
13806 93 32
13809 53 51
13809 72 31
13809 79 32
13809 81 18
13809 87 19
13828 69 43
13828 82 25
13831 86 15
13832 46 39
13834 93 10
13837 92 20
13851 74 54
13851 81 38
13852 62 55
13852 98 18
13890 67 12
13892 65 70
13894 84 41
13894 93 26
13917 79 55
13918 78 47
13924 53 14
13929 92 41
13936 80 52
13939 48 13
13940 79 43
13945 80 40
13949 82 54
13953 79 33
13956 46 17
13957 91 38
13958 67 57
13960 77 24
13960 80 44
13961 72 58
13961 83 30
13962 48 53
13962 81 44
13962 85 29
13964 49 42
13966 58 50
13966 79 57
13967 47 39
13970 49 34
13972 48 41
13974 60 41
13981 95 23
13982 55 52
13982 74 23
13982 83 18
13982 89 21
13983 60 35
13984 48 36
14004 78 47
14006 47 30
14006 60 48
14008 48 31
14013 48 28
14015 82 52
14022 75 44
14024 80 43
14026 63 57
14027 48 43
14037 80 42
14047 85 29
14048 81 42
14050 80 33
14057 80 28
14070 72 61
14075 60 43
14084 63 31
14089 75 61
14090 78 30
14090 80 30
14092 79 27
14095 48 22
14109 80 29
14111 78 31
14112 55 11
14130 48 45
14130 79 11
14131 62 50
14131 67 32
14132 71 31
14133 43 65
14151 78 17
14152 81 14
14152 87 66
14153 50 49
14153 69 45
14153 94 14
14154 67 27
14154 84 10
14155 43 53
14158 55 53
14161 75 31
14162 50 34
14163 43 49
14168 75 32
14175 83 15
14175 95 18
14176 89 19
14179 43 37
14194 74 62
14194 77 18
14194 86 64
14195 93 35
14196 78 21
14197 70 48
14198 77 30
14201 85 18
14202 92 9
14204 55 49
14204 58 48
14206 43 34
14211 55 39
14211 58 43
14213 87 10
14216 58 41
14230 50 15
14234 77 17
14236 82 56
14236 89 41
14237 55 38
14237 70 64
14239 58 34
14240 83 26
14244 55 37
14244 58 34
14251 55 35
14251 58 35
14253 43 15
14253 86 16
14258 58 30
14259 50 24
14262 79 58
14263 67 47
14263 95 19
14264 55 52
14264 93 10
14270 43 35
14284 81 33
14284 83 26
14284 92 40
14285 80 53
14288 79 48
14289 43 28
14294 80 48
14301 72 13
14301 75 44
14302 78 24
14304 56 48
14304 85 27
14305 44 54
14305 63 51
14307 72 17
14308 56 59
14319 75 56
14323 70 43
14325 51 48
14326 44 41
14328 79 16
14331 51 31
14345 80 37
14346 78 45
14346 91 42
14347 56 61
14347 79 55
14347 84 13
14348 70 31
14350 45 29
14353 44 36
14356 90 16
14366 72 55
14367 80 53
14367 83 30
14368 81 29
14370 63 30
14371 44 37
14371 60 40
14371 79 44
14386 80 49
14388 60 28
14388 79 28
14388 82 51
14389 78 29
14390 83 29
14390 85 26
14392 79 36
14393 45 29
14400 63 16
14407 79 26
14410 75 44
14412 65 20
14413 63 19
14415 44 31
14423 80 45
14425 90 17
14431 89 38
14432 70 67
14432 78 43
14432 91 40
14434 79 50
14438 44 35
14455 78 45
14467 44 25
14475 65 57
14476 58 56
14476 84 21
14477 46 50
14495 70 72
14495 74 38
14496 77 64
14496 80 29
14497 93 22
14497 96 31
14498 47 47
14498 53 53
14498 87 21
14498 91 13
14499 79 32
14500 46 41
14502 81 16
14513 46 36
14516 84 15
14517 79 17
14518 58 60
14518 72 17
14518 94 14
14523 46 33
14524 92 19
14540 74 49
14541 62 51
14541 81 32
14541 98 15
14544 96 9
14545 46 33
14583 93 24
14584 84 41
14585 65 69
14586 46 20
14605 79 13
14614 46 10
14614 53 13
14617 92 13
14627 80 22
14628 75 56
14628 94 26
14649 67 45
14650 48 52
14650 96 28
14651 72 65
14653 60 47
14654 48 36
14658 60 48
14661 60 44
14668 96 18
14669 79 60
14672 55 49
14672 95 19
14673 80 38
14673 82 31
14675 67 50
14676 74 21
14676 77 40
14676 83 13
14683 48 28
14696 61 23
14696 88 13
14700 60 46
14715 75 48
14715 82 33
14717 63 64
14717 77 16
14724 48 31
14749 48 19
14758 69 31
14758 82 14
14759 86 41
14760 67 62
14772 48 25
14808 60 48
14810 48 26
14831 62 55
14832 43 60
14846 71 22
14849 69 44
14850 78 16
14851 43 49
14851 50 51
14858 50 35
14872 50 34
14873 67 54
14873 95 24
14874 55 53
14874 83 19
14874 89 24
14891 43 24
14894 69 50
14894 77 31
14894 82 21
14895 58 51
14900 55 51
14900 58 51
14905 43 23
14905 55 51
14907 58 45
14908 92 11
14912 55 51
14915 43 20
14926 58 41
14931 50 19
14935 81 35
14936 98 14
14937 77 9
14938 58 38
14939 96 9
14940 50 16
14946 43 11
14951 43 19
14952 58 36
14955 87 40
14956 75 49
14956 77 32
14956 91 15
14957 56 51
14957 67 58
14958 63 71
14958 93 13
14958 95 24
14958 97 9
14959 55 62
14959 74 42
14960 44 40
14960 70 20
14960 76 44
14960 83 20
14963 43 29
14965 74 43
14966 43 29
14966 83 11
14978 86 37
14978 93 44
14979 74 52
14979 81 35
14987 43 21
14987 82 13
15001 83 18
15001 94 33
15002 82 32
15004 45 56
15004 72 33
15004 75 75
15006 44 56
15006 56 63
15006 90 9
15010 91 10
15016 78 10
15024 51 49
15024 70 43
15026 79 14
15033 51 29
15036 51 29
15043 57 46
15043 80 26
15044 68 53
15044 84 12
15045 86 65
15046 70 35
15047 44 44
15047 79 9
15049 90 20
15065 72 65
15066 79 41
15068 61 33
15070 43 36
15071 60 46
15072 44 44
15105 60 32
15108 65 35
15108 82 39
15110 97 9
15112 44 31
15112 63 65
15120 51 14
15125 51 22
15126 86 12
15128 70 40
15128 91 13
15129 97 12
15130 68 54
15130 78 31
15131 46 27
15131 56 52
15133 63 50
15137 90 19
15149 79 61
15150 86 41
15151 67 63
15160 72 15
15161 44 12
15164 51 14
15171 77 66
15171 93 30
15172 70 32
15172 83 17
15172 84 36
15172 96 36
15173 46 52
15173 58 60
15174 65 62
15176 68 43
15187 86 11
15192 45 38
15193 53 54
15193 72 26
15193 81 21
15194 46 44
15202 46 36
15213 82 24
15214 58 52
15214 86 16
15215 72 17
15218 92 10
15222 46 35
15232 74 48
15233 62 50
15233 81 37
15233 92 12
15233 98 16
15234 96 9
15236 91 66
15238 89 11
15239 46 23
15240 84 13
15240 92 12
15257 89 65
15261 46 36
15275 66 45
15275 84 37
15276 93 19
15277 65 66
15297 75 60
15297 91 17
15297 94 36
15298 58 39
15299 80 23
15300 47 35
15300 53 24
15300 57 31
15300 63 66
15300 72 29
15300 78 30
15302 58 47
15302 77 27
15305 91 13
15307 46 21
15315 91 42
15317 79 48
15318 84 42
15320 72 24
15324 60 49
15327 60 46
15340 58 35
15340 67 54
15340 88 18
15341 48 55
15341 72 76
15347 47 35
15347 76 17
15350 48 35
15353 76 13
15361 55 55
15361 83 21
15361 95 25
15362 74 62
15362 89 24
15364 48 30
15369 48 30
15379 93 31
15382 88 18
15383 61 27
15384 78 29
15384 87 31
15384 94 26
15386 47 24
15387 60 46
15396 75 39
15401 63 31
15401 75 55
15401 82 37
15403 97 10
15404 48 26
15404 63 66
15412 48 32
15416 60 38
15444 67 62
15444 86 35
15446 48 26
15466 87 64
15468 55 15
15469 48 26
15470 60 45
15478 48 23
15479 63 30
15479 86 12
15484 63 29
15489 63 26
15489 86 14
15492 48 21
15510 74 41
15510 83 22
15511 61 40
15513 43 64
15513 62 44
15516 71 28
15529 69 45
15530 50 52
15530 78 17
15532 43 56
15533 50 37
15542 50 32
15550 67 54
15551 89 26
15551 95 23
15552 83 22
15552 93 10
15573 70 50
15573 77 29
15573 84 12
15577 43 27
15579 58 50
15582 43 20
15582 58 48
15584 55 45
15587 92 9
15591 55 45
15591 58 41
15598 55 44
15598 58 37
15601 55 43
15603 58 40
15610 50 19
15612 74 53
15616 81 37
15617 58 38
15617 62 48
15617 98 15
15619 96 10
15621 50 16
15627 50 22
15635 87 27
15636 75 65
15637 94 32
15638 44 31
15638 55 63
15639 63 65
15639 79 44
15639 95 28
15640 83 29
15640 89 27
15641 93 11
15645 70 22
15647 44 37
15647 83 14
15649 43 28
15650 82 14
15654 74 70
15659 81 33
15660 62 56
15660 93 39
15663 62 66
15666 62 64
15668 43 21
15672 43 12
15680 75 70
15681 82 45
15682 91 14
15683 62 61
15683 97 11
15684 45 57
15684 78 44
15684 80 29
15684 84 15
15685 63 70
15685 72 40
15685 89 11
15686 68 37
15687 44 53
15688 56 60
15691 91 10
15700 82 13
15705 44 48
15705 51 50
15705 70 45
15705 79 17
15708 44 41
15712 51 35
15722 80 28
15723 68 52
15724 45 35
15724 56 58
15724 70 35
15724 86 45
15724 94 10
15725 63 30
15726 44 27
15726 84 10
15729 79 41
15729 90 15
15731 70 31
15733 44 30
15736 90 20
15744 72 62
15746 86 66
15746 88 18
15747 85 18
15748 61 31
15750 60 45
15751 45 29
15754 44 26
15766 44 24
15768 88 23
15769 82 13
15778 44 14
15780 51 18
15789 63 78
15789 82 34
15791 97 11
15800 86 14
15802 51 18
15805 91 9
15806 79 12
15812 70 33
15812 80 28
15812 91 15
15813 68 56
15813 78 30
15813 97 16
15814 56 45
15814 82 37
15818 84 11
15819 90 20
15821 44 17
15831 51 25
15832 72 19
15832 79 42
15832 86 32
15833 91 46
15834 82 36
15835 67 54
15835 78 48
15836 79 62
15838 67 59
15846 51 11
15847 68 52
15850 67 44
15851 68 50
15854 67 47
15855 84 43
15856 70 29
15856 74 37
15856 77 57
15856 93 30
15857 47 49
15857 65 73
15857 72 11
15857 80 30
15858 58 55
15859 46 45
15859 79 30
15860 86 12
15864 68 31
15867 68 27
15871 68 19
15875 68 17
15877 53 54
15878 81 20
15878 87 65
15879 47 38
15879 58 27
15879 72 25
15879 91 9
15881 46 36
15882 70 53
15890 46 24
15897 58 56
15899 86 29
15904 92 26
15905 46 30
15917 46 23
15918 74 48
15919 81 32
15919 98 16
15920 62 51
15922 91 66
15923 46 27
15924 84 12
15930 89 66
15938 87 29
15945 47 25
15955 46 10
15963 66 40
15963 77 42
15964 84 34
15964 93 16
15965 65 64
15973 87 42
15978 46 11
15982 62 41
15984 75 60
15984 82 41
15984 91 12
15985 72 31
15986 47 15
15986 53 19
15986 97 10
15988 63 67
15988 77 27
15989 91 16
15994 45 15
15997 46 9
15999 91 14
16006 79 54
16007 72 83
16012 60 42
16017 60 42
16026 60 36
16029 48 55
16029 60 55
16029 67 50
16030 88 12
16030 94 14
16033 48 41
16034 76 20
16035 100 9
16043 63 24
16050 55 55
16050 83 21
16050 89 23
16050 95 25
16051 88 22
16051 93 9
16053 48 28
16053 63 10
16054 74 56
16066 93 25
16071 48 21
16071 61 35
16071 87 35
16071 94 28
16072 75 59
16073 60 48
16075 74 51
16078 75 48
16088 74 40
16089 82 36
16090 48 24
16091 75 45
16091 97 9
16092 63 65
16099 48 35
16135 86 59
16136 67 60
16157 55 17
16157 72 56
16158 87 68
16160 60 49
16167 48 20
16178 63 25
16178 84 67
16183 48 33
16183 63 21
16197 63 35
16200 67 29
16200 74 42
16201 71 33
16201 87 14
16202 43 65
16202 81 10
16203 62 53
16203 72 34
16210 87 10
16216 71 23
16222 69 42
16224 43 53
16224 78 15
16226 50 36
16231 50 34
16242 54 42
16243 79 41
16243 95 24
16244 55 58
16244 83 23
16244 89 23
16247 93 10
16250 43 40
16266 77 26
16267 82 17
16268 58 47
16270 43 37
16273 55 51
16273 84 9
16275 58 45
16282 58 39
16301 58 37
16308 55 38
16311 74 50
16311 77 13
16312 81 32
16312 98 16
16313 55 33
16313 58 34
16313 62 46
16317 96 9
16318 58 34
16319 43 38
16329 58 28
16330 50 19
16341 58 26
16348 58 20
16352 55 53
16352 83 14
16352 89 18
16352 95 15
16377 84 26
16378 56 71
16378 63 54
16378 72 30
16378 79 58
16378 94 23
16379 82 25
16379 87 34
16380 44 65
16380 75 56
16380 86 41
16381 63 52
16381 67 73
16390 67 56
16391 90 21
16423 78 40
16423 94 26
16424 82 17
16425 70 28
16425 86 40
16426 67 69
16427 72 13
16428 44 45
16428 63 18
16445 75 50
16465 82 43
16468 63 61
16469 44 35
16483 90 11
16487 44 36
16488 86 43
16488 89 39
16489 67 68
16489 70 70
16490 90 10
16533 89 42
16534 74 23
16534 87 16
16535 66 54
16537 67 57
16539 44 34
16550 44 19
16557 43 43
16557 77 38
16557 84 18
16558 58 72
16558 65 49
16559 74 14
16559 92 22
16560 46 55
16562 67 40
16572 86 18
16588 67 21
16643 77 31
16644 58 47
16644 66 47
16644 74 45
16644 79 51
16645 62 50
16645 81 29
16646 67 62
16648 46 22
16657 46 26
16687 89 39
16691 46 25
16693 77 9
16702 46 10
16727 72 65
16728 66 36
16728 75 60
16728 86 36
16729 60 51
16729 80 29
16730 48 55
16730 70 34
16730 88 11
16732 67 42
16747 82 9
16772 94 30
16773 86 42
16774 67 60
16794 48 22
16812 55 52
16812 62 37
16812 70 23
16812 82 45
16812 89 43
16812 95 19
16814 48 30
16815 63 61
16822 74 31
16825 48 24
16835 83 25
16836 70 73
16836 74 30
16836 87 14
16837 66 53
16838 48 39
16840 67 55
16850 48 18
16875 48 13
16881 66 44
16881 89 42
16883 67 59
16890 48 18
16903 54 48
16904 62 50
16904 83 23
16904 95 26
16905 55 57
16906 81 11
16906 93 19
16907 43 68
16908 84 9
16912 93 15
16941 89 15
16959 70 18
16970 70 16
16990 79 59
16991 66 50
16991 70 70
16991 77 31
16991 81 28
16991 95 19
16991 98 27
16992 58 48
16993 43 28
16993 83 9
16994 67 68
17015 43 18
17019 43 31
17025 58 37
17034 89 43
17037 55 43
17038 43 34
17046 55 37
17046 58 34
17051 55 39
17070 58 27
17073 74 15
17074 89 22
17076 56 68
17076 75 65
17077 63 48
17077 80 42
17077 83 18
17078 72 35
17079 70 38
17079 78 46
17080 79 55
17081 44 53
17083 70 34
17088 90 20
17092 82 14
17098 90 18
17118 72 29
17120 77 34
17120 86 40
17120 94 24
17121 67 64
17121 76 43
17121 87 22
17136 75 54
17162 57 45
17162 82 40
17163 65 43
17163 68 55
17164 43 29
17164 56 46
17165 63 62
17165 84 10
17167 44 35
17179 90 10
17185 89 36
17186 70 73
17186 86 30
17187 67 58
17191 44 23
17197 44 21
17198 56 32
17204 68 47
17206 67 47
17210 67 38
17213 67 39
17217 67 34
17219 68 40
17221 67 29
17223 68 38
17225 67 29
17228 89 42
17229 86 39
17230 67 66
17236 45 20
17243 56 17
17252 44 40
17252 58 65
17252 77 36
17253 65 44
17254 74 13
17254 84 15
17255 46 49
17256 92 18
17262 65 42
17264 67 39
17265 92 19
17266 65 37
17266 86 15
17272 67 32
17274 65 31
17276 92 11
17337 67 22
17338 77 26
17339 58 46
17340 50 15
17340 62 50
17340 79 52
17340 81 29
17343 67 61
17355 46 22
17386 89 41
17387 70 69
17391 46 24
17406 58 27
17432 66 48
17432 79 57
17433 60 45
17433 86 28
17434 67 53
17434 75 59
17435 55 48
17435 78 30
17435 89 14
17436 64 28
17437 37 35
17437 48 46
17444 36 30
17445 70 31
17452 80 10
17479 36 21
17484 67 67
17484 86 39
17488 70 22
17493 36 15
17494 70 14
17498 70 12
17500 75 46
17503 70 10
17508 36 16
17512 48 34
17518 36 13
17529 36 10
17563 74 59
17564 93 32
17571 55 15
17594 67 27
17612 75 49
17612 78 19
17613 94 16
17616 48 13
17622 48 18
17661 55 10
17724 48 9
18125 64 33
18129 69 17
18140 71 49
18142 90 16
18144 69 19
18146 59 16
18156 52 29
18166 69 34
18167 62 32
18171 50 32
18174 50 35
18186 81 40
18186 88 39
18187 69 66
18187 78 9
18188 76 35
18189 57 56
18189 66 18
18192 50 41
18193 71 24
18200 91 15
18210 62 55
18212 71 72
18212 74 71
18212 90 44
18213 81 35
18213 91 13
18213 98 18
18214 69 57
18214 96 11
18235 93 42
18246 76 9
18260 60 49
18260 76 65
18260 79 61
18260 95 35
18261 48 55
18262 67 69
18262 82 22
18267 72 64
18272 48 28
18284 55 58
18284 83 24
18284 89 26
18285 49 36
18285 74 27
18285 93 13
18287 48 41
18308 60 45
18308 95 12
18314 95 11
18327 74 73
18328 81 33
18328 98 15
18330 62 52
18348 62 41
18351 62 40
18354 76 57
18354 83 35
18355 81 27
18355 92 16
18356 98 10
18357 47 40
18357 64 69
18357 72 26
18359 48 42
18383 72 20
18386 48 27
18403 93 39
18404 67 56
18404 72 47
18406 48 29
18427 72 33
18428 66 52
18428 69 35
18430 48 27
18430 64 39
18431 67 58
18437 48 25
18437 72 27
18441 72 26
18448 72 20
18451 62 47
18451 69 60
18452 50 51
18459 50 40
18462 67 29
18469 78 12
18472 90 43
18473 71 72
18474 67 60
18474 76 37
18475 57 60
18477 50 44
18479 85 9
18496 62 51
18498 96 12
18514 67 27
18519 67 60
18519 78 52
18520 94 26
18521 85 43
18522 66 71
18522 76 18
18523 99 9
18568 69 70
18568 88 40
18572 71 31
18577 71 30
18585 71 25
18586 78 12
18590 71 72
18591 90 42
18592 62 50
18592 98 16
18593 96 10
18596 50 43
18600 78 12
18614 72 73
18614 91 42
18616 78 9
18623 67 21
18633 66 20
18636 67 40
18636 78 49
18637 85 43
18637 93 43
18637 94 28
18638 66 70
18638 74 68
18638 76 31
18639 59 53
18639 72 41
18640 47 48
18642 72 35
18645 47 48
18645 72 28
18658 82 21
18659 46 39
18659 54 52
18659 88 22
18661 47 47
18675 73 27
18681 71 69
18681 74 20
18683 59 51
18685 73 11
18692 93 14
18701 93 20
18702 74 72
18703 62 48
18703 81 31
18704 98 10
18729 93 43
18732 62 37
18732 68 34
18732 85 36
18732 94 16
18733 66 62
18754 62 19
18765 62 13
18772 90 42
18774 74 33
18775 99 16
18776 59 56
18795 93 28
18796 69 72
18796 88 41
18801 66 13
18802 47 32
18802 74 11
18820 64 73
18821 86 22
18821 92 27
18822 52 52
18822 80 22
18841 78 33
18841 90 45
18842 71 75
18842 99 18
18843 81 11
18845 69 37
18847 52 50
18850 69 28
18856 69 29
18857 93 13
18865 99 12
18888 69 30
18888 79 47
18889 86 33
18891 67 54
18913 90 40
18914 71 66
18934 69 13
18934 74 67
18935 93 41
18960 66 69
18960 85 41
18960 94 24
18982 69 36
18982 79 58
18985 67 69
18985 71 26
18986 52 33
18990 59 33
18997 90 12
19006 48 48
19006 72 63
19011 67 58
19027 78 48
19027 82 38
19027 91 61
19030 95 27
19031 55 56
19031 83 30
19031 89 24
19031 93 11
19032 74 30
19037 76 10
19042 48 27
19050 78 48
19050 82 29
19051 72 81
19052 61 24
19052 100 10
19053 47 29
19055 60 51
19056 48 26
19060 79 58
19063 48 39
19073 76 52
19073 78 51
19074 82 40
19074 92 22
19074 95 21
19074 98 14
19076 64 72
19076 83 39
19078 79 69
19080 48 44
19096 78 38
19096 80 35
19097 82 40
19097 86 37
19098 67 59
19099 83 30
19118 80 40
19118 82 26
19119 78 48
19120 79 62
19123 48 30
19129 48 35
19142 75 27
19142 82 36
19143 78 51
19146 60 45
19148 48 32
19164 80 37
19164 83 29
19165 78 47
19166 55 16
19166 79 60
19167 67 19
19169 48 30
19181 79 34
19184 48 24
19188 61 35
19189 50 52
19189 69 73
19189 74 28
19191 51 36
19192 78 16
19193 50 37
19195 72 23
19196 50 14
19206 78 48
19208 82 17
19208 88 38
19208 97 23
19209 56 48
19210 74 63
19210 76 38
19210 79 31
19211 66 24
19212 50 43
19212 57 60
19214 85 11
19217 91 21
19217 97 12
19236 62 55
19236 98 20
19237 96 14
19256 67 52
19256 85 41
19256 94 25
19258 66 69
19281 71 69
19304 93 35
19305 50 17
19319 78 11
19325 78 41
19326 50 34
19326 67 48
19326 85 34
19326 94 18
19328 66 64
19353 79 50
19354 67 63
19376 59 50
19377 85 14
19378 47 49
19378 66 59
19379 75 9
19396 82 36
19397 54 53
19397 71 77
19397 74 34
19397 78 65
19397 81 30
19397 88 23
19398 47 42
19398 75 28
19398 97 32
19399 73 29
19401 92 9
19403 59 26
19404 47 37
19417 59 58
19419 74 31
19419 81 39
19420 97 26
19423 73 11
19427 93 17
19431 47 22
19442 81 34
19442 85 13
19443 62 44
19443 74 44
19444 97 17
19448 47 28
19457 62 36
19459 59 38
19465 85 32
19466 75 29
19466 81 26
19466 94 13
19468 62 31
19468 71 55
19471 47 30
19472 62 25
19489 76 43
19491 95 14
19513 59 28
19513 71 28
19553 52 21
19635 65 30
19635 69 73
19635 72 21
19635 80 41
19635 82 25
19635 88 39
19635 93 48
19636 76 30
19637 58 28
19637 64 48
19638 45 50
19638 73 15
19638 83 82
19644 91 19
19679 71 74
19679 74 31
19679 90 49
19680 99 13
19702 81 19
19720 85 33
19721 46 43
19721 66 34
19721 72 74
19721 84 76
19721 86 18
19721 91 48
19722 55 54
19722 89 29
19722 95 22
19722 100 16
19723 81 22
19723 83 15
19724 74 43
19725 62 45
19726 43 66
19737 83 11
19764 80 39
19764 81 52
19764 93 62
19765 72 20
19766 82 17
19767 89 15
19770 43 46
19804 65 44
19805 60 57
19805 69 35
19805 79 18
19805 87 11
19805 91 25
19806 41 72
19807 88 11
19808 40 75
19808 75 12
19809 41 78
19810 55 38
19844 48 53
19844 67 45
19845 76 13
19863 81 25
19863 87 16
19872 87 17
19875 81 19
19879 67 32
19880 79 40
19881 83 20
19881 95 24
19882 67 58
19882 74 27
19886 93 20
19888 81 10
19897 55 66
19897 76 31
19897 81 51
19898 69 52
19900 57 46
19902 67 53
19904 69 43
19913 55 57
19915 69 38
19917 55 56
19918 72 64
19919 80 43
19920 82 23
19922 54 46
19922 69 36
19926 57 46
19930 57 49
19935 57 48
19942 67 23
19943 56 42
19943 76 14
19948 88 16
19949 67 19
19953 57 45
19957 57 44
19959 74 63
19960 76 22
19960 83 66
19961 67 38
19962 44 57
19962 62 42
19963 71 34
19964 43 66
19965 62 52
19967 71 30
19972 56 33
20000 69 43
20001 50 52
20002 44 45
20002 78 15
20004 43 39
20009 50 34
20016 54 41
20017 67 49
20017 83 22
20017 95 22
20018 55 50
20018 89 18
20020 81 16
20021 43 37
20027 86 10
20036 76 32
20036 81 18
20036 83 10
20037 69 49
20038 43 36
20041 57 58
20050 56 57
20052 57 59
20052 71 55
20052 78 27
20054 55 54
20054 59 41
20057 55 52
20058 59 53
20062 43 23
20063 55 49
20071 67 35
20072 57 50
20072 63 30
20072 74 52
20072 78 44
20072 82 33
20073 79 50
20073 84 35
20073 93 19
20073 98 18
20074 62 47
20074 72 65
20075 45 32
20075 76 9
20076 57 47
20080 56 36
20081 76 10
20082 50 19
20082 67 22
20083 43 31
20083 56 41
20088 58 46
20091 58 44
20093 67 18
20095 58 42
20104 67 17
20113 67 19
20114 72 64
20115 56 48
20115 64 54
20115 69 23
20116 45 54
20117 83 17
20120 45 50
20123 45 50
20153 76 59
20153 80 19
20153 92 23
20154 52 51
20154 71 27
20154 86 22
20156 45 43
20169 69 65
20171 95 25
20175 45 28
20182 45 24
20192 57 55
20196 45 23
20205 45 26
20207 78 33
20208 71 53
20209 58 62
20211 59 58
20214 59 57
20216 91 21
20218 45 19
20223 57 48
20226 57 51
20226 79 38
20226 88 30
20227 45 24
20227 52 35
20227 72 66
20227 83 14
20229 57 50
20230 60 37
20231 45 25
20235 52 30
20236 60 31
20242 57 54
20244 83 36
20244 92 15
20245 78 11
20245 98 9
20246 59 49
20246 64 66
20248 45 27
20248 57 48
20252 52 22
20252 57 40
20254 58 43
20256 59 48
20260 58 43
20262 59 47
20264 69 67
20265 57 42
20267 45 23
20268 59 41
20272 45 17
20273 58 46
20277 57 37
20281 57 32
20283 58 38
20287 57 37
20295 59 37
20301 59 31
20304 71 64
20304 90 37
20307 69 69
20312 59 27
20317 45 18
20323 59 31
20326 59 29
20334 58 32
20337 58 30
20341 88 36
20342 55 56
20342 79 38
20342 89 28
20342 91 38
20343 50 42
20343 61 34
20343 72 67
20343 83 17
20343 95 25
20344 42 53
20345 62 38
20346 43 63
20354 83 13
20371 69 33
20381 78 38
20381 91 47
20422 65 39
20422 81 53
20422 82 33
20423 60 43
20423 69 30
20425 41 68
20459 67 42
20460 41 56
20460 76 11
20477 91 36
20478 60 27
20478 80 42
20478 81 51
20478 82 31
20495 54 48
20496 65 53
20496 87 24
20497 53 60
20512 79 33
20513 95 22
20514 41 34
20514 67 51
20514 74 20
20514 83 14
20518 53 59
20528 65 48
20529 76 41
20530 81 57
20530 84 31
20531 55 67
20531 69 60
20531 72 68
20531 80 40
20531 91 38
20531 97 14
20532 56 66
20532 65 43
20532 85 25
20535 57 63
20535 99 10
20537 67 45
20539 41 20
20540 85 11
20544 67 39
20546 57 58
20547 41 18
20551 67 40
20552 41 25
20554 65 33
20555 57 50
20558 41 30
20560 57 52
20564 57 52
20568 53 34
20569 74 65
20569 83 67
20570 76 28
20572 62 42
20572 67 35
20574 43 66
20576 72 40
20578 69 19
20580 57 38
20584 71 27
20596 81 33
20606 73 31
20607 76 55
20607 84 64
20608 61 24
20608 69 42
20609 50 52
20609 74 65
20610 78 22
20611 43 51
20618 50 33
20624 83 66
20624 93 36
20628 55 57
20628 78 15
20629 84 30
20645 44 29
20645 79 36
20646 89 22
20653 44 19
20661 81 22
20663 57 56
20668 56 58
20670 69 42
20672 56 55
20674 57 51
20678 83 27
20679 56 45
20679 71 50
20679 78 31
20681 58 57
20681 67 37
20688 59 52
20690 43 18
20693 59 48
20695 58 43
20697 67 31
20698 62 42
20699 69 21
20703 43 24
20705 69 18
20709 59 39
20712 59 37
20717 58 34
20717 72 53
20717 78 35
20717 79 42
20718 74 20
20719 69 15
20720 64 31
20720 83 13
20721 57 46
20722 45 41
20727 79 9
20756 52 19
20799 72 28
20809 56 15
20813 68 44
20816 56 14
20818 50 29
20819 61 33
20819 73 35
20829 49 16
20829 61 46
20843 49 11
20853 75 31
20854 48 18
20854 56 50
20854 65 17
20858 72 60
20858 79 34
20863 60 43
20866 60 51
20869 90 14
20872 60 47
20875 97 16
20876 61 55
20877 73 55
20877 95 11
20880 72 50
20885 72 70
20893 48 52
20893 67 48
20893 80 19
20894 76 27
20902 48 34
20908 61 47
20912 74 19
20912 91 36
20914 61 48
20915 80 25
20916 47 32
20916 56 61
20916 60 46
20916 75 36
20918 61 39
20926 61 36
20926 90 14
20935 79 36
20937 61 36
20939 60 47
20951 75 33
20952 80 26
20955 79 21
20960 48 11
20960 60 34
20970 91 35
20971 60 30
20974 77 20
20974 92 37
20975 65 50
20975 85 36
20976 46 50
20976 57 66
20976 79 21
20977 75 16
20978 58 58
20979 73 66
20982 68 27
20989 57 50
20990 68 16
21013 53 48
21013 93 17
21014 58 20
21014 81 14
21014 87 17
21016 46 37
21019 72 29
21030 70 48
21031 58 50
21033 46 36
21049 72 63
21049 79 35
21049 92 11
21056 60 48
21058 70 35
21061 70 43
21062 58 49
21065 80 31
21066 45 18
21066 61 54
21066 97 15
21068 58 45
21069 95 9
21071 79 26
21072 46 21
21073 72 53
21080 80 10
21083 58 40
21086 66 45
21086 93 24
21087 85 35
21087 92 32
21088 65 62
21088 73 63
21089 58 37
21090 46 36
21105 93 10
21108 61 35
21110 75 54
21110 78 26
21110 94 23
21111 79 12
21112 61 28
21114 53 17
21116 61 26
21120 72 12
21125 61 25
21127 58 39
21130 63 47
21130 68 31
21130 78 13
21130 82 18
21131 45 56
21131 56 58
21131 73 12
21133 44 49
21135 72 17
21152 72 11
21167 51 47
21167 72 64
21167 91 35
21169 44 37
21169 79 14
21172 70 44
21175 51 33
21175 70 41
21176 44 38
21191 68 9
21208 80 26
21209 65 17
21209 68 50
21210 45 36
21210 56 52
21211 63 17
21214 44 27
21216 70 22
21221 63 27
21228 90 12
21231 61 59
21231 70 34
21232 97 17
21233 45 15
21233 95 10
21236 44 34
21255 75 15
21270 70 30
21271 95 15
21271 97 16
21272 75 10
21275 44 31
21291 70 66
21291 89 39
21292 80 18
21293 42 56
21293 57 31
21294 66 34
21295 55 21
21297 42 67
21304 55 40
21329 68 39
21331 49 42
21331 89 15
21350 77 13
21350 82 37
21350 89 33
21350 97 18
21351 70 65
21356 68 27
21363 68 26
21368 68 24
21373 88 21
21410 75 32
21410 80 24
21411 68 48
21413 56 46
21415 55 54
21417 42 33
21417 56 49
21419 55 58
21421 56 43
21423 55 55
21425 66 32
21427 55 52
21429 56 45
21432 56 38
21434 55 47
21436 56 34
21438 55 49
21442 55 49
21444 56 36
21446 55 47
21448 56 41
21448 66 26
21451 70 50
21451 77 31
21453 58 53
21457 68 27
21463 58 50
21467 92 10
21470 58 41
21472 57 49
21474 58 42
21477 58 38
21480 58 39
21483 58 43
21487 58 40
21488 72 60
21488 79 35
21489 68 24
21490 58 40
21492 77 11
21493 42 16
21494 60 49
21497 42 12
21503 57 42
21506 57 40
21510 61 54
21510 66 15
21510 73 56
21510 80 36
21510 97 18
21511 95 11
21512 70 21
21514 55 33
21521 72 36
21521 79 21
21527 80 10
21528 54 58
21529 94 20
21530 72 30
21530 82 23
21530 88 22
21532 70 9
21537 42 22
21547 91 34
21548 72 69
21552 42 25
21569 70 47
21569 77 30
21570 58 58
21572 54 42
21576 42 19
21578 54 42
21588 91 29
21590 54 42
21591 92 33
21593 85 35
21594 42 13
21595 74 65
21596 73 65
21610 47 49
21610 84 20
21611 80 12
21612 46 49
21612 65 53
21650 47 38
21650 53 51
21650 58 26
21650 81 18
21650 87 21
21650 93 22
21651 72 24
21653 46 33
21667 59 39
21667 70 48
21669 47 36
21669 58 51
21670 72 17
21671 46 30
21676 92 12
21687 79 40
21688 72 65
21689 46 32
21696 60 52
21697 70 36
21698 58 53
21705 80 33
21706 97 16
21708 61 58
21709 72 54
21709 95 9
21711 46 19
21714 58 35
21715 46 12
21720 80 12
21724 66 48
21724 77 42
21724 93 20
21725 70 28
21726 46 19
21726 65 63
21731 72 42
21732 46 12
21740 58 36
21742 72 66
21743 85 36
21743 92 35
21745 73 67
21746 58 35
21746 61 34
21752 58 29
21752 61 28
21762 72 69
21763 45 55
21763 56 57
21763 82 26
21764 63 49
21765 44 54
21768 44 52
21802 51 47
21802 84 38
21802 91 39
21803 70 46
21803 72 61
21805 44 43
21807 70 39
21807 79 13
21809 51 31
21810 70 37
21838 68 50
21840 56 52
21840 70 25
21842 44 38
21848 70 21
21860 92 36
21861 85 35
21862 73 65
21865 90 9
21867 44 34
21899 72 62
21900 91 37
21901 75 21
21904 44 15
21904 51 16
21922 61 40
21922 66 29
21923 70 65
21923 80 12
21923 89 41
21924 42 65
21925 72 43
21926 55 32
21930 55 35
21931 72 36
21934 55 36
21934 72 31
21963 60 19
21963 68 40
21964 42 47
21966 61 31
21969 77 9
21971 89 10
21972 70 33
21981 70 22
21993 70 18
22003 66 46
22003 82 21
22004 54 44
22004 88 16
22011 42 24
22013 70 11
22017 70 26
22041 65 66
22041 72 68
22041 91 35
22041 93 12
22062 42 17
22063 93 10
22067 42 24
22081 40 44
22082 69 28
22083 41 56
22083 60 42
22085 54 30
22086 41 65
22121 67 42
22122 72 32
22123 41 51
22123 48 49
22123 76 11
22139 53 55
22145 81 21
22145 87 25
22145 93 22
22181 41 14
22181 57 39
22181 76 14
22182 72 44
22182 79 18
22185 53 23
22196 53 13
22306 74 24
22306 77 53
22306 80 29
22307 96 28
22322 91 47
22323 78 43
22323 79 52
22331 62 37
22331 72 77
22331 93 42
22332 53 52
22332 69 55
22332 100 15
22333 65 61
22333 88 14
22334 57 59
22334 61 30
22334 87 22
22335 76 35
22352 53 47
22352 93 24
22360 88 26
22361 57 61
22362 76 33
22379 87 16
22386 77 61
22387 79 25
22387 88 18
22391 53 52
22410 53 56
22413 74 26
22413 87 22
22413 88 16
22413 91 25
22415 79 34
22419 57 47
22424 88 14
22425 57 46
22431 88 13
22437 87 11
22441 67 53
22441 81 38
22441 95 22
22442 62 56
22442 74 59
22442 83 24
22443 55 62
22443 71 71
22444 90 17
22446 59 63
22446 96 9
22447 55 56
22450 78 36
22453 55 49
22459 55 48
22459 62 41
22470 81 25
22471 98 15
22472 96 11
22473 62 46
22477 62 49
22488 62 44
22496 55 49
22498 89 21
22498 93 44
22498 98 27
22499 82 32
22499 84 26
22499 95 16
22500 80 44
22500 81 49
22503 62 44
22505 55 51
22507 81 42
22512 62 42
22524 95 21
22525 55 53
22525 98 11
22527 90 13
22527 96 9
22528 62 29
22529 78 26
22530 95 17
22544 78 55
22553 76 32
22553 91 42
22554 73 34
22554 89 19
22554 92 18
22555 64 43
22555 86 16
22556 45 32
22556 81 12
22558 52 51
22559 78 29
22560 55 50
22560 93 13
22580 74 16
22582 89 21
22583 51 32
22583 64 30
22595 55 37
22596 80 41
22596 84 28
22596 93 42
22597 81 51
22599 79 56
22600 55 54
22600 64 23
22607 95 27
22608 82 30
22608 89 26
22609 43 14
22609 74 21
22609 76 20
22609 90 15
22611 64 25
22634 63 38
22634 76 57
22635 80 27
22637 67 28
22637 74 30
22637 95 32
22638 64 63
22640 78 15
22644 52 56
22652 95 14
22654 59 32
22655 52 42
22658 52 39
22663 55 41
22663 72 77
22663 83 35
22663 91 32
22664 79 43
22665 56 47
22665 69 44
22667 57 47
22672 57 50
22672 60 48
22676 60 41
22682 60 35
22692 81 26
22692 88 23
22693 60 33
22693 69 41
22693 76 66
22696 57 37
22699 60 36
22709 60 27
22719 57 50
22719 91 43
22721 65 45
22723 64 67
22727 60 44
22734 60 36
22750 60 38
22754 60 45
22758 57 58
22758 74 62
22758 93 36
22773 84 38
22774 72 69
22774 81 29
22774 95 24
22777 51 36
22778 79 14
22783 62 40
22785 50 33
22787 65 37
22789 78 9
22791 65 31
22794 65 28
22800 52 53
22801 69 62
22801 79 25
22801 95 29
22802 53 54
22802 62 44
22802 87 26
22803 65 54
22805 57 49
22813 62 29
22820 74 26
22825 93 12
22829 78 36
22830 74 32
22830 95 21
22831 53 67
22831 77 56
22832 62 42
22834 76 46
22837 62 36
22841 96 13
22843 62 34
22850 76 58
22851 93 12
22856 56 54
22856 78 29
22857 62 43
22857 95 22
22870 96 10
22879 77 26
22885 79 54
22886 66 54
22886 76 42
22886 86 35
22887 57 64
22888 67 58
22895 87 16
22902 53 36
22904 93 18
22906 81 32
22908 53 30
22909 87 25
22912 65 54
22915 61 34
22916 85 11
22919 62 29
22919 76 36
22921 53 50
22938 93 24
22939 76 40
22941 70 44
22941 77 56
22941 96 28
22942 62 34
22942 86 40
22942 88 18
22943 67 58
22944 76 40
22945 50 43
22949 57 34
22949 65 56
22950 50 39
22953 62 33
22954 96 11
22956 62 32
22957 81 29
22959 53 42
22966 50 43
22967 69 61
22968 88 18
22969 53 50
22969 57 49
22969 74 23
22970 62 40
22970 85 12
22971 87 16
22973 62 34
22975 53 51
22976 62 37
22981 62 32
22984 76 57
22984 95 27
22985 74 70
22987 57 42
22988 93 13
22996 93 39
22998 57 55
22998 78 32
22998 83 43
22998 90 45
22999 71 70
22999 89 29
23000 62 47
23000 67 61
23003 55 60
23003 78 29
23004 59 51
23004 87 10
23008 59 46
23012 59 42
23017 78 15
23023 59 36
23023 93 40
23025 63 30
23025 78 29
23026 59 55
23026 81 25
23037 95 21
23042 59 47
23044 62 29
23047 59 59
23048 95 30
23050 81 30
23050 93 34
23051 78 36
23052 96 13
23054 55 46
23055 62 51
23056 76 16
23057 78 28
23060 98 9
23061 55 40
23066 55 40
23066 62 48
23073 55 36
23075 62 60
23078 78 33
23078 90 34
23079 76 25
23079 93 33
23079 96 14
23080 55 64
23080 81 35
23081 59 43
23083 78 28
23092 78 24
23106 93 42
23108 81 27
23109 89 12
23109 96 12
23110 48 33
23123 78 21
23137 59 24
