0 72 80
0 74 80
0 76 80
455 72 0
455 74 0
455 76 0
480 83 80
707 83 0
720 84 80
947 84 0
960 72 80
960 74 80
960 76 80
960 79 80
1871 72 0
1871 74 0
1871 76 0
1871 79 0
1920 69 80
1920 72 80
2375 69 0
2375 72 0
2400 77 80
2627 77 0
2640 76 80
2867 76 0
2880 74 80
3107 74 0
3120 71 80
3347 71 0
3360 76 80
3587 76 0
3600 77 80
3827 77 0
3840 74 80
3840 79 80
4751 74 0
4751 79 0
4800 67 80
4800 72 80
5255 67 0
5255 72 0
5280 69 80
5507 69 0
5520 72 80
5747 72 0
5760 76 80
5987 76 0
6000 77 80
6227 77 0
6240 79 80
6695 79 0
6720 67 80
6720 72 80
6720 74 80
7175 67 0
7175 72 0
7175 74 0
7200 71 80
7655 71 0
7680 72 80
7680 74 80
7680 76 80
8135 72 0
8135 74 0
8135 76 0
8160 83 80
8387 83 0
8400 84 80
8627 84 0
8640 72 80
8640 74 80
8640 76 80
8640 79 80
9551 72 0
9551 74 0
9551 76 0
9551 79 0
9600 69 80
9600 72 80
10055 69 0
10055 72 0
10080 77 80
10307 77 0
10320 76 80
10547 76 0
10560 74 80
10787 74 0
10800 71 80
11027 71 0
11040 76 80
11267 76 0
11280 77 80
11507 77 0
11520 74 80
11520 79 80
12431 74 0
12431 79 0
12480 67 80
12480 72 80
12935 67 0
12935 72 0
12960 69 80
13187 69 0
13200 72 80
13427 72 0
13440 76 80
13667 76 0
13680 77 80
13907 77 0
13920 71 80
13920 72 80
13920 77 80
13920 79 80
14375 71 0
14375 72 0
14375 77 0
14375 79 0
14400 72 80
14855 72 0
14880 62 80
15107 62 0
15120 67 80
15347 67 0
15360 67 80
15360 72 80
15360 74 80
15360 76 80
15815 67 0
15815 72 0
15815 74 0
15815 76 0
15840 74 80
15840 76 80
15840 83 80
16067 74 0
16067 76 0
16067 83 0
16080 84 80
16307 84 0
16320 79 80
16775 79 0
16800 67 80
17027 67 0
17040 72 80
17495 72 0
17520 69 80
17747 69 0
17760 77 80
17987 77 0
18000 76 80
18227 76 0
18240 74 80
18467 74 0
18480 71 80
18707 71 0
18720 76 80
18947 76 0
18960 77 80
19187 77 0
19200 79 80
19655 79 0
19680 67 80
19907 67 0
19920 74 80
20147 74 0
20160 72 80
20615 72 0
20640 69 80
20867 69 0
20880 72 80
21107 72 0
21120 76 80
21347 76 0
21360 77 80
21587 77 0
21600 79 80
21827 79 0
21840 69 80
22067 69 0
22080 67 80
22080 72 80
22080 74 80
22535 67 0
22535 72 0
22535 74 0
22560 71 80
22787 71 0
22800 65 80
23027 65 0
23520 74 80
23520 76 80
23520 83 80
23747 74 0
23747 76 0
23747 83 0
23760 84 80
23987 84 0
24000 79 80
24455 79 0
24480 67 80
24707 67 0
24720 72 80
25175 72 0
25200 69 80
25427 69 0
25440 77 80
25667 77 0
25680 76 80
25907 76 0
25920 74 80
26147 74 0
26160 71 80
26387 71 0
26400 76 80
26627 76 0
26640 77 80
26867 77 0
26880 79 80
27335 79 0
27360 67 80
27587 67 0
27600 74 80
27827 74 0
27840 72 80
28295 72 0
28320 69 80
28547 69 0
28560 72 80
28787 72 0
28800 76 80
29027 76 0
29040 77 80
29267 77 0
29280 71 80
29280 72 80
29280 77 80
29280 79 80
29735 71 0
29735 72 0
29735 77 0
29735 79 0
29760 72 80
30215 72 0
30240 64 80
30467 64 0
30480 72 80
30707 72 0
30720 79 80
31403 79 0
31440 72 80
31667 72 0
31680 81 80
31907 81 0
31920 71 80
32147 71 0
32160 74 80
32387 74 0
32400 81 80
32627 81 0
32640 79 80
33095 79 0
33120 67 80
33347 67 0
33360 74 80
33587 74 0
33600 72 80
34055 72 0
34080 69 80
34307 69 0
34320 76 80
34547 76 0
34560 77 80
35015 77 0
35040 69 80
35267 69 0
35280 72 80
35735 72 0
35760 71 80
35987 71 0
36000 72 80
36227 72 0
36240 79 80
36467 79 0
36480 77 80
37163 77 0
37200 76 80
37655 76 0
37680 67 80
37680 70 80
37680 76 80
37907 67 0
37907 70 0
37907 76 0
37920 77 80
38147 77 0
38160 79 80
38387 79 0
38400 72 80
38400 79 80
38855 72 0
38855 79 0
38880 81 80
39107 81 0
39120 72 80
39575 72 0
39600 71 80
39827 71 0
39840 74 80
40067 74 0
40080 81 80
40307 81 0
40320 71 80
40320 79 80
40775 71 0
40775 79 0
40800 74 80
40800 83 80
41255 74 0
41255 83 0
41280 76 80
41280 84 80
41735 76 0
41735 84 0
41760 67 80
41760 72 80
41760 76 80
42215 67 0
42215 72 0
42215 76 0
42240 72 80
42240 79 80
42695 72 0
42695 79 0
42720 77 80
42947 77 0
42960 72 80
43187 72 0
43200 65 80
43200 69 80
43200 76 80
43655 65 0
43655 69 0
43655 76 0
43680 65 80
43680 71 80
43680 76 80
44135 65 0
44135 71 0
44135 76 0
44160 64 80
44160 67 80
44160 72 80
44387 64 0
44387 67 0
44387 72 0
44400 55 80
44627 55 0
44640 60 80
44867 60 0
44880 57 80
44880 65 80
45107 57 0
45107 65 0
45120 55 80
45120 64 80
45347 55 0
45347 64 0
45360 60 80
45587 60 0
45600 72 80
45827 72 0
45840 74 80
46067 74 0
46080 79 80
46535 79 0
46560 81 80
46787 81 0
46800 72 80
47255 72 0
47280 71 80
47507 71 0
47520 74 80
47747 74 0
47760 81 80
47987 81 0
48000 71 80
48000 79 80
48455 71 0
48455 79 0
48480 67 80
48707 67 0
48720 74 80
48947 74 0
48960 72 80
49415 72 0
49440 69 80
49667 69 0
49680 76 80
49907 76 0
49920 77 80
50375 77 0
50400 69 80
50627 69 0
50640 72 80
51095 72 0
51120 71 80
51347 71 0
51360 72 80
51587 72 0
51600 79 80
51827 79 0
51840 77 80
52523 77 0
52560 76 80
53015 76 0
53040 67 80
53040 70 80
53040 76 80
53267 67 0
53267 70 0
53267 76 0
53280 77 80
53507 77 0
53520 79 80
53747 79 0
53760 69 80
53760 76 80
54215 69 0
54215 76 0
54240 81 80
54467 81 0
54480 72 80
54935 72 0
54960 71 80
55187 71 0
55200 74 80
55427 74 0
55440 81 80
55667 81 0
55680 71 80
55680 79 80
56135 71 0
56135 79 0
56160 74 80
56160 83 80
56615 74 0
56615 83 0
56640 76 80
56640 84 80
57095 76 0
57095 84 0
57120 67 80
57120 72 80
57120 76 80
57575 67 0
57575 72 0
57575 76 0
57600 72 80
57600 79 80
58055 72 0
58055 79 0
58080 77 80
58307 77 0
58320 72 80
58547 72 0
58560 65 80
58560 69 80
58560 76 80
59015 65 0
59015 69 0
59015 76 0
59040 65 80
59040 71 80
59040 76 80
59495 65 0
59495 71 0
59495 76 0
59520 64 80
59520 67 80
59520 72 80
59747 64 0
59747 67 0
59747 72 0
59760 55 80
59987 55 0
60000 60 80
60227 60 0
60240 57 80
60240 65 80
60467 57 0
60467 65 0
60480 55 80
60480 64 80
60707 55 0
60707 64 0
60720 60 80
60947 60 0
60960 72 80
61187 72 0
61200 74 80
61427 74 0
61440 68 80
61440 75 80
61895 68 0
61895 75 0
61920 79 80
62375 79 0
62400 77 80
62855 77 0
62880 74 80
63107 74 0
63120 75 80
63347 75 0
63360 70 80
64043 70 0
64080 68 80
64307 68 0
64320 67 80
64547 67 0
64560 70 80
64787 70 0
64800 75 80
65027 75 0
65040 82 80
65267 82 0
65280 75 80
65280 82 80
65735 75 0
65735 82 0
65760 84 80
65987 84 0
66000 75 80
66455 75 0
66480 74 80
66707 74 0
66720 75 80
66947 75 0
66960 84 80
67187 84 0
67200 82 80
67883 82 0
67920 73 80
68147 73 0
68160 77 80
68387 77 0
68400 79 80
68627 79 0
68640 80 80
68867 80 0
68880 82 80
69107 82 0
69120 75 80
69120 79 80
69120 82 80
69575 75 0
69575 79 0
69575 82 0
69600 84 80
69827 84 0
69840 75 80
70295 75 0
70320 74 80
70547 74 0
70560 77 80
70787 77 0
70800 84 80
71027 84 0
71040 74 80
71040 82 80
71495 74 0
71495 82 0
71520 77 80
71520 86 80
71975 77 0
71975 86 0
72000 79 80
72000 87 80
72455 79 0
72455 87 0
72480 70 80
72480 75 80
72935 70 0
72935 75 0
72960 72 80
72960 75 80
72960 82 80
73415 72 0
73415 75 0
73415 82 0
73440 80 80
73667 80 0
73680 75 80
73907 75 0
73920 68 80
73920 72 80
73920 75 80
73920 79 80
74375 68 0
74375 72 0
74375 75 0
74375 79 0
74400 68 80
74400 70 80
74400 74 80
74400 79 80
74855 68 0
74855 70 0
74855 74 0
74855 79 0
74880 67 80
74880 70 80
74880 75 80
75563 67 0
75563 70 0
75563 75 0
75600 68 80
75827 68 0
75840 67 80
76067 67 0
76080 63 80
76307 63 0
76320 75 80
76775 75 0
76800 82 80
77255 82 0
77280 84 80
77507 84 0
77520 75 80
77747 75 0
77760 84 80
77987 84 0
78000 74 80
78227 74 0
78240 77 80
78467 77 0
78480 84 80
78707 84 0
78720 74 80
78720 82 80
79175 74 0
79175 82 0
79200 70 80
79427 70 0
79440 77 80
79667 77 0
79680 75 80
80135 75 0
80160 72 80
80387 72 0
80400 79 80
80627 79 0
80640 80 80
81095 80 0
81120 72 80
81347 72 0
81360 75 80
81815 75 0
81840 74 80
82067 74 0
82080 75 80
82307 75 0
82320 82 80
82547 82 0
82560 80 80
83243 80 0
83280 79 80
83735 79 0
83760 70 80
83760 73 80
83760 79 80
83987 70 0
83987 73 0
83987 79 0
84000 80 80
84227 80 0
84240 82 80
84467 82 0
84480 75 80
84480 82 80
84935 75 0
84935 82 0
84960 84 80
85187 84 0
85200 75 80
85655 75 0
85680 74 80
85907 74 0
85920 77 80
86147 77 0
86160 84 80
86387 84 0
86400 74 80
86400 82 80
86855 74 0
86855 82 0
86880 77 80
86880 86 80
87335 77 0
87335 86 0
87360 79 80
87360 87 80
87815 79 0
87815 87 0
87840 70 80
87840 75 80
87840 79 80
88295 70 0
88295 75 0
88295 79 0
88320 72 80
88320 75 80
88320 82 80
88775 72 0
88775 75 0
88775 82 0
88800 80 80
89027 80 0
89040 72 80
89495 72 0
89520 74 80
89975 74 0
90000 75 80
90227 75 0
90240 69 80
90240 72 80
90240 77 80
90923 69 0
90923 72 0
90923 77 0
90960 65 80
91415 65 0
91440 72 80
91895 72 0
91920 69 80
92147 69 0
92160 65 80
92160 69 80
92160 71 80
92160 76 80
93071 65 0
93071 69 0
93071 71 0
93071 76 0
93120 77 80
94031 77 0
94080 68 80
94080 75 80
94535 68 0
94535 75 0
94560 79 80
95015 79 0
95040 77 80
95495 77 0
95520 74 80
95747 74 0
95760 75 80
95987 75 0
96000 70 80
96683 70 0
96720 68 80
96947 68 0
96960 67 80
97187 67 0
97200 70 80
97427 70 0
97440 75 80
97667 75 0
97680 82 80
97907 82 0
97920 75 80
97920 82 80
98375 75 0
98375 82 0
98400 84 80
98627 84 0
98640 75 80
99095 75 0
99120 74 80
99347 74 0
99360 75 80
99587 75 0
99600 84 80
99827 84 0
99840 82 80
100523 82 0
100560 73 80
100787 73 0
100800 77 80
101027 77 0
101040 79 80
101267 79 0
101280 80 80
101507 80 0
101520 82 80
101747 82 0
101760 75 80
101760 79 80
101760 82 80
102215 75 0
102215 79 0
102215 82 0
102240 84 80
102467 84 0
102480 75 80
102935 75 0
102960 74 80
103187 74 0
103200 77 80
103427 77 0
103440 84 80
103667 84 0
103680 74 80
103680 82 80
104135 74 0
104135 82 0
104160 77 80
104160 86 80
104615 77 0
104615 86 0
104640 79 80
104640 87 80
105095 79 0
105095 87 0
105120 70 80
105120 75 80
105575 70 0
105575 75 0
105600 72 80
105600 75 80
105600 82 80
106055 72 0
106055 75 0
106055 82 0
106080 80 80
106307 80 0
106320 72 80
106775 72 0
106800 74 80
107255 74 0
107280 75 80
107507 75 0
107520 69 80
107520 72 80
107520 77 80
108203 69 0
108203 72 0
108203 77 0
108240 65 80
108695 65 0
108720 72 80
109175 72 0
109200 69 80
109427 69 0
109440 65 80
109440 67 80
109440 71 80
109440 76 80
110351 65 0
110351 67 0
110351 71 0
110351 76 0
110400 66 80
110400 70 80
110400 72 80
110400 75 80
110627 66 0
110627 70 0
110627 72 0
110627 75 0
110640 77 80
110867 77 0
110880 78 80
111107 78 0
111120 80 80
111347 80 0
111360 68 80
111360 73 80
111360 75 80
111360 77 80
111815 68 0
111815 73 0
111815 75 0
111815 77 0
111840 75 80
111840 77 80
111840 84 80
112067 75 0
112067 77 0
112067 84 0
112080 85 80
112307 85 0
112320 80 80
112775 80 0
112800 68 80
113027 68 0
113040 73 80
113495 73 0
113520 70 80
113747 70 0
113760 78 80
113987 78 0
114000 77 80
114227 77 0
114240 75 80
114467 75 0
114480 72 80
114707 72 0
114720 77 80
114947 77 0
114960 78 80
115187 78 0
115200 80 80
115655 80 0
115680 68 80
115907 68 0
115920 75 80
116147 75 0
116160 73 80
116615 73 0
116640 70 80
116867 70 0
116880 73 80
117107 73 0
117120 77 80
117347 77 0
117360 78 80
117587 78 0
117600 80 80
117827 80 0
117840 70 80
118067 70 0
118080 68 80
118080 73 80
118080 75 80
118535 68 0
118535 73 0
118535 75 0
118560 72 80
118787 72 0
118800 66 80
119027 66 0
0 60 80
0 67 80
911 60 0
911 67 0
960 64 80
1871 64 0
1920 53 80
1920 60 80
2831 53 0
2831 60 0
2880 55 80
2880 62 80
3791 55 0
3791 62 0
3840 52 80
3840 59 80
4751 52 0
4751 59 0
4800 57 80
4800 64 80
5711 57 0
5711 64 0
5760 50 80
5760 57 80
5760 60 80
6671 50 0
6671 57 0
6671 60 0
6720 55 80
6720 65 80
7175 55 0
7175 65 0
7200 67 80
7655 67 0
7680 60 80
7680 67 80
8591 60 0
8591 67 0
8640 64 80
9551 64 0
9600 53 80
9600 60 80
10511 53 0
10511 60 0
10560 55 80
10560 62 80
11471 55 0
11471 62 0
11520 52 80
11520 59 80
12431 52 0
12431 59 0
12480 57 80
12480 64 80
13391 57 0
13391 64 0
13440 50 80
13440 57 80
13440 60 80
13895 50 0
13895 57 0
13895 60 0
13920 55 80
13920 62 80
14375 55 0
14375 62 0
14400 48 80
14627 48 0
14640 55 80
14867 55 0
14880 60 80
15335 60 0
15360 48 80
15587 48 0
15600 55 80
15827 55 0
15840 64 80
16295 64 0
16320 52 80
16547 52 0
16560 60 80
16787 60 0
16800 64 80
17255 64 0
17280 53 80
17507 53 0
17520 60 80
17747 60 0
17760 65 80
18215 65 0
18240 55 80
18467 55 0
18480 62 80
18707 62 0
18720 65 80
19175 65 0
19200 52 80
19427 52 0
19440 59 80
19667 59 0
19680 62 80
20135 62 0
20160 57 80
20387 57 0
20400 64 80
20627 64 0
20640 67 80
21095 67 0
21120 50 80
21347 50 0
21360 57 80
21587 57 0
21600 60 80
22055 60 0
22080 55 80
22307 55 0
22320 62 80
23003 62 0
23040 48 80
23267 48 0
23280 55 80
23507 55 0
23520 64 80
23975 64 0
24000 52 80
24227 52 0
24240 60 80
24467 60 0
24480 64 80
24935 64 0
24960 53 80
25187 53 0
25200 60 80
25427 60 0
25440 65 80
25895 65 0
25920 55 80
26147 55 0
26160 62 80
26387 62 0
26400 65 80
26855 65 0
26880 52 80
27107 52 0
27120 59 80
27347 59 0
27360 62 80
27815 62 0
27840 57 80
28067 57 0
28080 64 80
28307 64 0
28320 67 80
28775 67 0
28800 50 80
28800 60 80
29255 50 0
29255 60 0
29280 55 80
29280 62 80
29735 55 0
29735 62 0
29760 48 80
29987 48 0
30000 55 80
30227 55 0
30240 60 80
30695 60 0
30720 53 80
30947 53 0
30960 60 80
31187 60 0
31200 65 80
31655 65 0
31680 53 80
31907 53 0
31920 62 80
32147 62 0
32160 65 80
32615 65 0
32640 52 80
32867 52 0
32880 59 80
33107 59 0
33120 62 80
33575 62 0
33600 57 80
33827 57 0
33840 64 80
34067 64 0
34080 67 80
34535 67 0
34560 50 80
34787 50 0
34800 57 80
35027 57 0
35040 60 80
35495 60 0
35520 55 80
35747 55 0
35760 62 80
35987 62 0
36000 65 80
36455 65 0
36480 48 80
36707 48 0
36720 55 80
36947 55 0
36960 64 80
37415 64 0
37440 52 80
37667 52 0
37680 60 80
37907 60 0
37920 64 80
38375 64 0
38400 53 80
38627 53 0
38640 60 80
38867 60 0
38880 65 80
39335 65 0
39360 53 80
39587 53 0
39600 62 80
39827 62 0
39840 65 80
40295 65 0
40320 52 80
40547 52 0
40560 59 80
40787 59 0
40800 62 80
41027 62 0
41040 67 80
41267 67 0
41280 57 80
41507 57 0
41520 64 80
41975 64 0
42000 57 80
42227 57 0
42240 50 80
42467 50 0
42480 57 80
42707 57 0
42720 60 80
43175 60 0
43200 55 80
43655 55 0
43680 62 80
44135 62 0
44160 48 80
44843 48 0
44880 43 80
45107 43 0
45120 36 80
45347 36 0
45360 43 80
45587 43 0
45600 48 80
46055 48 0
46080 53 80
46307 53 0
46320 60 80
46547 60 0
46560 65 80
47015 65 0
47040 53 80
47267 53 0
47280 62 80
47507 62 0
47520 65 80
47975 65 0
48000 52 80
48227 52 0
48240 59 80
48467 59 0
48480 62 80
48935 62 0
48960 57 80
49187 57 0
49200 64 80
49427 64 0
49440 67 80
49895 67 0
49920 50 80
50147 50 0
50160 57 80
50387 57 0
50400 60 80
50855 60 0
50880 55 80
51107 55 0
51120 62 80
51347 62 0
51360 65 80
51815 65 0
51840 48 80
52067 48 0
52080 55 80
52307 55 0
52320 64 80
52775 64 0
52800 52 80
53027 52 0
53040 60 80
53267 60 0
53280 64 80
53735 64 0
53760 53 80
53987 53 0
54000 60 80
54227 60 0
54240 65 80
54695 65 0
54720 53 80
54947 53 0
54960 62 80
55187 62 0
55200 65 80
55655 65 0
55680 52 80
55907 52 0
55920 59 80
56147 59 0
56160 62 80
56387 62 0
56400 64 80
56627 64 0
56640 57 80
56867 57 0
56880 64 80
57335 64 0
57360 57 80
57587 57 0
57600 50 80
57827 50 0
57840 57 80
58067 57 0
58080 60 80
58535 60 0
58560 55 80
59015 55 0
59040 62 80
59495 62 0
59520 48 80
60203 48 0
60240 43 80
60467 43 0
60480 36 80
60707 36 0
60720 43 80
60947 43 0
60960 48 80
61415 48 0
61440 53 80
61667 53 0
61680 60 80
61907 60 0
61920 63 80
62147 63 0
62160 60 80
62387 60 0
62400 46 80
62627 46 0
62640 53 80
62867 53 0
62880 62 80
63335 62 0
63360 48 80
63587 48 0
63600 58 80
63827 58 0
63840 63 80
64295 63 0
64320 48 80
64547 48 0
64560 55 80
64787 55 0
64800 63 80
65255 63 0
65280 53 80
65507 53 0
65520 60 80
65747 60 0
65760 63 80
66215 63 0
66240 58 80
66467 58 0
66480 65 80
66707 65 0
66720 68 80
67175 68 0
67200 51 80
67427 51 0
67440 58 80
67667 58 0
67680 63 80
68135 63 0
68160 55 80
68387 55 0
68400 61 80
68627 61 0
68640 63 80
69095 63 0
69120 53 80
69347 53 0
69360 60 80
69587 60 0
69600 63 80
69827 63 0
69840 60 80
70067 60 0
70080 46 80
70307 46 0
70320 53 80
70547 53 0
70560 62 80
71015 62 0
71040 55 80
71267 55 0
71280 62 80
71735 62 0
71760 65 80
71987 65 0
72000 60 80
72227 60 0
72240 67 80
72695 67 0
72720 67 80
72947 67 0
72960 53 80
73187 53 0
73200 60 80
73427 60 0
73440 65 80
73895 65 0
73920 58 80
74375 58 0
74400 65 80
74855 65 0
74880 51 80
75107 51 0
75120 58 80
75347 58 0
75360 63 80
76043 63 0
76080 51 80
76307 51 0
76320 58 80
76547 58 0
76560 63 80
76787 63 0
76800 56 80
77027 56 0
77040 63 80
77267 63 0
77280 68 80
77735 68 0
77760 56 80
77987 56 0
78000 65 80
78227 65 0
78240 68 80
78695 68 0
78720 55 80
78947 55 0
78960 62 80
79187 62 0
79200 65 80
79655 65 0
79680 60 80
79907 60 0
79920 67 80
80147 67 0
80160 70 80
80615 70 0
80640 53 80
80867 53 0
80880 60 80
81107 60 0
81120 63 80
81575 63 0
81600 58 80
81827 58 0
81840 63 80
82067 63 0
82080 67 80
82535 67 0
82560 56 80
82787 56 0
82800 63 80
83027 63 0
83040 67 80
83495 67 0
83520 55 80
83747 55 0
83760 63 80
83987 63 0
84000 67 80
84455 67 0
84480 56 80
84707 56 0
84720 63 80
84947 63 0
84960 68 80
85415 68 0
85440 56 80
85667 56 0
85680 65 80
85907 65 0
85920 68 80
86375 68 0
86400 55 80
86627 55 0
86640 62 80
86867 62 0
86880 65 80
87107 65 0
87120 70 80
87347 70 0
87360 60 80
87587 60 0
87600 67 80
88055 67 0
88080 60 80
88307 60 0
88320 53 80
88547 53 0
88560 60 80
88787 60 0
88800 63 80
89255 63 0
89280 51 80
89735 51 0
89760 63 80
90215 63 0
90240 50 80
90467 50 0
90480 57 80
90707 57 0
90720 60 80
91403 60 0
91440 57 80
91667 57 0
91680 53 80
91907 53 0
91920 50 80
92147 50 0
92160 43 80
92387 43 0
92400 50 80
92627 50 0
92640 55 80
92867 55 0
92880 50 80
93107 50 0
93120 55 80
93347 55 0
93360 50 80
93587 50 0
93600 43 80
94055 43 0
94080 53 80
94307 53 0
94320 60 80
94547 60 0
94560 63 80
94787 63 0
94800 60 80
95027 60 0
95040 46 80
95267 46 0
95280 53 80
95507 53 0
95520 62 80
95975 62 0
96000 51 80
96227 51 0
96240 58 80
96467 58 0
96480 63 80
96935 63 0
96960 48 80
97187 48 0
97200 55 80
97427 55 0
97440 63 80
97895 63 0
97920 53 80
98147 53 0
98160 60 80
98387 60 0
98400 63 80
98855 63 0
98880 58 80
99107 58 0
99120 65 80
99347 65 0
99360 68 80
99815 68 0
99840 51 80
100067 51 0
100080 58 80
100307 58 0
100320 63 80
100775 63 0
100800 55 80
101027 55 0
101040 61 80
101267 61 0
101280 63 80
101735 63 0
101760 53 80
101987 53 0
102000 60 80
102227 60 0
102240 63 80
102467 63 0
102480 60 80
102707 60 0
102720 46 80
102947 46 0
102960 53 80
103187 53 0
103200 62 80
103655 62 0
103680 55 80
103907 55 0
103920 60 80
104375 60 0
104400 65 80
104627 65 0
104640 60 80
104867 60 0
104880 67 80
105335 67 0
105360 67 80
105587 67 0
105600 53 80
105827 53 0
105840 60 80
106067 60 0
106080 63 80
106535 63 0
106560 51 80
107015 51 0
107040 63 80
107495 63 0
107520 50 80
107747 50 0
107760 57 80
107987 57 0
108000 60 80
108455 60 0
108480 60 80
108707 60 0
108720 57 80
108947 57 0
108960 53 80
109187 53 0
109200 50 80
109427 50 0
109440 43 80
109667 43 0
109680 50 80
109907 50 0
109920 55 80
110147 55 0
110160 50 80
110387 50 0
110400 44 80
110627 44 0
110640 51 80
110867 51 0
110880 60 80
111335 60 0
111360 49 80
111587 49 0
111600 56 80
111827 56 0
111840 65 80
112295 65 0
112320 53 80
112547 53 0
112560 61 80
112787 61 0
112800 65 80
113255 65 0
113280 54 80
113507 54 0
113520 61 80
113747 61 0
113760 66 80
114215 66 0
114240 56 80
114467 56 0
114480 63 80
114707 63 0
114720 66 80
115175 66 0
115200 53 80
115427 53 0
115440 60 80
115667 60 0
115680 63 80
116135 63 0
116160 58 80
116387 58 0
116400 65 80
116627 65 0
116640 68 80
117095 68 0
117120 51 80
117347 51 0
117360 58 80
117587 58 0
117600 61 80
118055 61 0
118080 56 80
118307 56 0
118320 63 80
119003 63 0
