0 60 38
0 88 20
0 94 24
28 64 37
28 92 21
28 95 25
30 83 10
56 67 54
57 91 18
57 98 26
59 86 16
85 60 38
85 86 15
85 91 22
85 95 23
85 98 27
86 48 40
86 88 20
95 48 31
97 95 14
106 91 11
114 55 48
114 64 52
114 71 24
114 95 31
115 74 14
115 89 19
116 92 31
119 88 24
121 91 21
127 88 20
136 55 58
136 88 15
143 74 20
143 97 13
143 98 17
143 100 24
153 89 11
167 88 36
170 71 12
171 59 33
171 95 30
171 98 23
172 72 21
173 48 35
173 60 35
183 88 28
191 55 10
200 54 38
201 71 25
202 55 47
202 64 51
202 89 20
203 92 18
204 74 15
207 88 24
215 88 23
219 53 40
221 55 36
224 55 40
229 55 49
229 72 51
229 79 15
229 83 14
229 91 19
229 100 32
230 96 13
231 74 20
237 89 13
244 71 24
253 71 20
253 88 36
257 91 25
257 95 24
259 60 42
259 72 52
260 48 37
265 55 29
269 88 29
288 55 48
288 64 41
288 74 14
288 83 11
288 89 20
289 92 19
291 91 10
293 88 24
296 71 22
301 88 23
310 55 41
315 94 25
317 53 30
344 88 22
344 94 25
373 64 37
373 92 20
373 95 25
375 83 10
402 67 52
402 91 18
402 98 26
404 86 15
429 91 19
430 51 33
430 68 36
430 77 25
430 90 20
430 93 18
430 96 26
430 97 15
430 98 27
431 62 36
432 50 40
432 67 48
432 84 14
432 101 13
440 65 40
444 65 36
448 67 41
459 55 48
459 72 19
460 65 49
460 89 22
460 93 14
460 95 20
462 91 13
463 54 53
467 54 54
471 54 51
472 91 12
473 55 44
475 54 49
477 55 41
482 55 47
486 55 53
488 72 20
488 74 20
488 79 42
488 87 14
488 89 25
488 93 23
488 98 16
489 65 46
500 54 52
504 54 51
506 55 43
511 55 49
515 55 35
515 62 35
515 79 39
516 90 20
516 97 15
516 98 18
516 101 25
517 50 41
517 69 22
517 77 29
531 65 19
542 65 51
545 55 48
545 72 19
546 89 30
546 93 14
547 95 22
548 91 15
549 54 53
551 55 55
552 87 9
568 55 48
572 55 53
574 64 35
574 71 51
574 74 16
574 90 21
574 91 13
574 93 21
574 96 13
574 99 14
575 77 22
575 87 10
576 65 44
578 54 54
582 54 54
586 54 52
590 54 50
592 55 43
597 55 49
601 55 37
602 71 30
603 62 34
603 77 30
603 90 33
603 97 14
603 99 15
604 50 40
605 71 51
606 69 20
611 69 21
613 50 39
615 69 23
618 65 18
629 65 51
630 55 49
632 72 19
632 89 23
632 93 16
633 95 19
635 54 53
635 91 13
637 55 55
638 87 9
654 55 48
658 55 38
659 71 31
659 93 27
660 87 20
661 59 34
689 83 17
689 93 24
690 71 28
690 87 13
691 59 28
717 74 29
717 90 16
717 96 24
718 62 36
722 93 9
745 69 54
746 93 19
746 100 24
748 88 12
766 93 21
775 41 44
775 100 26
776 62 21
776 90 16
776 103 9
777 89 35
778 43 47
781 98 9
795 93 18
803 65 49
804 55 44
804 72 21
804 95 21
804 100 12
805 74 17
806 91 14
807 54 52
811 54 54
815 54 51
817 55 44
818 43 14
819 54 48
820 93 10
821 55 40
826 55 47
830 55 54
832 72 17
832 74 17
832 91 15
833 65 44
834 69 9
844 54 52
848 54 51
850 55 44
855 55 49
859 55 40
860 43 34
860 81 45
861 62 21
861 98 15
863 43 48
863 90 12
864 67 13
866 71 16
866 100 10
874 65 50
890 55 46
890 93 17
891 72 19
891 83 11
892 74 17
892 95 23
894 54 52
894 91 11
898 54 53
900 55 45
902 54 50
904 55 44
905 43 15
906 54 47
906 93 10
908 55 40
913 55 47
916 56 35
917 71 51
918 55 48
918 64 34
918 74 15
918 90 21
918 93 9
918 99 14
919 77 23
920 65 45
922 54 53
923 91 10
930 54 53
934 54 50
939 93 9
941 55 49
946 71 52
947 62 21
947 90 26
947 98 14
947 99 16
949 43 49
952 43 45
955 43 46
960 65 50
975 55 47
976 72 19
976 83 14
976 93 16
978 74 17
978 95 19
980 54 51
980 91 12
984 54 52
986 55 43
988 54 48
990 55 42
991 43 15
992 54 46
994 55 38
997 55 46
1003 71 30
1004 59 35
1004 87 18
1005 93 29
1034 87 13
1035 59 28
1062 74 29
1062 96 24
1063 62 35
1063 90 19
1068 93 9
1090 69 59
1091 93 19
1091 100 23
1093 88 12
1112 93 14
1119 60 39
1119 95 19
1119 100 24
1120 48 41
1122 88 31
1139 93 15
1148 55 48
1148 64 45
1149 71 23
1149 74 13
1149 89 18
1150 92 22
1151 88 17
1151 95 27
1152 91 13
1159 88 9
1170 55 51
1176 100 32
1177 91 15
1177 97 13
1178 71 21
1178 86 11
1179 69 13
1179 74 12
1179 89 15
1200 55 45
1203 52 37
1204 81 44
1204 88 34
1204 100 34
1205 60 40
1206 64 15
1206 76 29
1207 67 24
1208 48 37
1216 88 26
1233 63 29
1234 55 50
1234 71 24
1235 64 45
1235 89 19
1236 74 13
1236 92 21
1237 88 16
1237 91 12
1238 95 23
1263 72 50
1263 97 12
1263 100 31
1264 86 11
1264 88 11
1264 96 13
1265 74 18
1265 89 15
1267 91 19
1276 71 24
1280 72 27
1284 71 23
1286 55 44
1289 52 38
1291 60 39
1291 95 27
1292 64 16
1292 72 51
1292 91 21
1292 100 33
1293 48 39
1293 67 23
1293 76 28
1294 88 33
1294 96 10
1303 88 28
1319 63 30
1320 55 50
1320 71 26
1321 64 41
1321 74 14
1321 89 19
1322 92 20
1323 88 10
1324 91 13
1324 95 19
1329 88 12
1349 60 44
1349 88 25
1349 94 24
1378 94 27
1406 64 37
1406 92 20
1406 95 25
1408 83 10
1435 67 52
1435 91 18
1435 98 26
1437 86 15
1463 52 38
1463 64 46
1463 91 22
1464 72 51
1464 86 11
1464 100 16
1465 96 12
1466 37 15
1466 92 19
1467 88 12
1480 71 21
1493 55 46
1493 60 48
1493 84 50
1493 88 24
1493 91 24
1493 94 24
1494 74 15
1494 89 19
1495 95 20
1498 83 9
1520 79 43
1521 94 21
1521 98 21
1522 55 47
1522 74 17
1522 83 18
1523 89 15
1549 80 11
1550 64 45
1550 71 22
1550 98 17
1551 52 39
1551 86 11
1552 92 18
1554 52 38
1566 52 38
1579 55 45
1579 88 19
1579 91 22
1579 94 23
1580 89 19
1581 74 16
1581 95 22
1584 83 10
1606 79 42
1607 76 30
1607 94 21
1607 98 21
1607 100 18
1608 55 45
1608 74 17
1608 83 13
1608 88 34
1609 89 15
1625 88 13
1635 79 38
1635 80 12
1636 64 46
1636 71 23
1636 98 16
1636 100 25
1638 92 18
1640 52 37
1641 44 12
1652 52 38
1665 55 45
1665 60 47
1665 88 24
1665 91 23
1665 94 24
1666 89 20
1667 74 16
1668 95 19
1670 83 11
1694 94 26
1722 94 21
1751 64 36
1751 92 20
1751 95 25
1753 83 10
1780 67 52
1780 91 18
1780 98 26
1782 86 15
1808 53 42
1808 65 49
1808 72 44
1808 91 21
1808 100 16
1809 96 13
1811 89 12
1811 93 13
1816 100 12
1837 57 43
1837 62 45
1837 93 24
1837 96 23
1838 90 15
1838 91 19
1839 76 11
1839 97 12
1850 65 21
1865 81 45
1865 84 42
1866 48 17
1866 91 25
1866 98 12
1867 57 40
1867 76 17
1867 90 15
1869 97 9
1872 100 10
1894 81 45
1894 84 41
1895 53 42
1895 65 48
1895 72 19
1898 89 11
1922 56 34
1922 93 27
1923 69 11
1923 74 55
1923 81 46
1923 96 24
1924 57 43
1924 62 43
1924 76 12
1924 90 15
1924 91 20
1926 97 12
1939 65 20
1952 48 25
1952 85 11
1952 90 15
1952 91 26
1952 96 23
1952 98 24
1953 57 40
1954 76 16
1958 100 10
1980 81 45
1981 53 41
1981 65 49
1981 72 25
1981 98 11
1981 102 14
1983 89 11
2002 93 12
2006 74 48
2008 56 35
2008 93 27
2009 69 12
2009 81 16
2009 90 15
2009 96 24
2010 57 42
2010 62 37
2010 76 12
2010 91 20
2011 97 13
2025 65 19
2036 65 10
2038 93 21
2038 98 12
2038 102 13
2040 57 18
2067 50 42
2067 90 20
2067 93 23
2067 97 14
2068 69 22
2094 65 49
2095 72 21
2095 101 19
2097 53 42
2098 93 13
2100 53 43
2123 81 46
2124 57 43
2125 76 13
2125 91 21
2126 97 13
2152 81 44
2153 55 47
2153 71 51
2153 90 21
2153 91 15
2153 95 23
2153 99 18
2153 100 15
2154 37 20
2154 74 13
2154 89 18
2156 65 16
2182 62 36
2182 90 20
2182 93 24
2182 96 28
2183 65 39
2185 84 12
2197 93 19
2202 93 14
2210 77 26
2210 93 28
2210 96 30
2211 62 34
2211 84 16
2212 65 37
2230 93 16
2239 55 46
2240 89 19
2241 95 20
2242 91 14
2244 83 9
2267 62 36
2268 93 25
2268 96 29
2268 102 14
2269 65 41
2269 78 27
2269 90 32
2270 84 17
2275 78 14
2277 90 25
2286 90 13
2288 93 14
2295 79 40
2295 90 18
2296 77 26
2296 93 27
2296 96 30
2296 98 25
2297 62 34
2298 65 37
2316 93 15
2324 88 46
2325 55 46
2325 95 27
2326 76 29
2328 91 14
2330 89 18
2354 60 45
2354 64 37
2354 88 18
2354 92 20
2354 94 24
2355 102 11
2359 83 12
2381 88 26
2383 94 27
2383 95 25
2384 92 19
2384 102 9
2385 83 11
2411 55 46
2412 83 10
2412 89 19
2412 91 15
2413 74 14
2413 95 28
2439 84 47
2440 60 47
2440 88 22
2440 92 21
2440 94 25
2441 64 36
2441 102 11
2469 94 27
2469 95 24
2470 92 19
2471 83 11
2496 65 48
2497 53 42
2497 69 54
2497 74 46
2497 88 40
2497 90 16
2497 93 19
2497 94 22
2501 89 12
2503 93 22
2507 60 39
2507 62 33
2510 60 39
2511 93 13
2515 60 38
2516 93 26
2518 60 37
2521 60 40
2525 88 22
2526 60 36
2529 62 39
2531 60 34
2533 93 11
2534 60 32
2534 62 30
2535 88 13
2539 60 34
2542 60 33
2545 60 33
2550 60 31
2553 60 32
2555 93 22
2555 102 14
2556 98 12
2558 60 30
2561 60 29
2566 60 29
2577 60 25
2584 71 51
2584 95 22
2584 96 28
2584 99 15
2584 102 22
2585 55 47
2585 62 37
2585 65 43
2585 90 32
2587 91 14
2589 84 12
2590 100 12
2598 90 18
2613 95 11
2641 79 39
2641 98 19
2669 60 39
2670 72 55
2670 76 21
2670 88 24
2670 91 20
2670 92 22
2670 94 24
2670 95 26
2671 64 38
2671 102 10
2674 83 9
2677 45 24
2678 37 10
2712 91 32
2713 67 54
2713 72 54
2713 88 24
2713 94 25
2713 95 27
2713 98 28
2714 60 37
2714 64 39
2714 92 19
2714 102 9
2715 86 15
2716 37 32
2720 45 32
2721 96 25
2726 91 33
2727 41 33
2727 94 19
2727 95 26
2728 92 22
2728 102 11
2729 60 35
2729 64 35
2729 83 10
2730 37 31
2734 45 28
2735 37 20
2747 91 16
2749 44 17
2784 84 42
2785 88 22
2785 100 23
2786 76 28
2812 83 42
2813 74 50
2813 93 21
2813 102 25
2814 98 10
2817 45 9
2818 102 18
2841 83 40
2842 50 38
2842 90 35
2842 93 26
2842 97 15
2843 69 22
2844 98 9
2870 72 55
2870 81 42
2871 66 53
2871 88 27
2871 91 21
2871 94 27
2871 96 22
2872 54 37
2872 60 45
2884 73 28
2890 88 17
2897 88 28
2898 81 44
2899 72 55
2899 91 22
2900 54 42
2900 65 31
2901 66 54
2915 73 27
2918 88 19
2925 88 14
2928 97 14
2929 50 37
2929 69 22
2932 50 36
2933 72 10
2956 66 54
2956 72 55
2956 81 43
2957 88 27
2957 91 21
2957 94 28
2957 96 22
2958 54 39
2958 60 40
2964 88 20
2972 73 28
2976 88 17
2983 88 11
2985 80 39
2986 74 28
2986 93 17
2986 96 25
2986 99 27
2987 62 38
2987 65 52
2987 71 51
2987 95 12
2987 100 10
2988 53 44
2991 89 10
2992 93 20
2993 99 11
2995 62 43
2999 93 19
3006 93 17
3013 71 50
3013 80 37
3014 97 15
3014 99 27
3015 50 39
3015 65 19
3016 95 10
3017 69 21
3021 99 10
3024 50 38
3024 69 21
3028 65 23
3030 69 23
3040 65 20
3042 60 45
3042 81 42
3043 54 37
3043 66 53
3043 72 55
3043 88 28
3043 91 22
3043 94 26
3043 96 23
3058 73 42
3062 88 17
3069 88 29
3071 81 44
3072 91 21
3073 54 37
3073 72 55
3080 90 23
3088 73 28
3091 88 18
3098 88 10
3100 97 14
3101 50 37
3101 69 22
3101 74 51
3103 62 36
3104 50 37
3106 72 12
3120 66 12
3129 54 38
3129 88 28
3129 93 20
3129 94 28
3129 98 10
3130 60 47
3130 66 51
3130 84 20
3148 88 18
3149 73 23
3155 74 45
3155 88 29
3158 93 22
3158 98 12
3158 102 15
3159 54 36
3167 90 9
3177 88 19
3178 73 23
3184 74 10
3184 88 24
3186 95 22
3187 55 52
3187 76 29
3187 89 20
3187 91 15
3201 74 13
3209 66 17
3215 71 30
3215 74 55
3215 87 19
3215 90 24
3215 93 25
3215 96 23
3217 59 35
3217 62 43
3236 90 16
3237 93 10
3243 93 30
3244 90 22
3244 96 22
3244 98 23
3245 71 28
3245 87 13
3259 93 17
3266 90 16
3273 55 47
3274 89 19
3274 95 20
3276 91 13
3277 83 10
3300 93 31
3301 62 43
3301 71 32
3301 90 23
3301 96 23
3302 59 38
3302 87 18
3308 59 27
3322 90 16
3329 93 31
3330 90 22
3330 96 22
3330 98 24
3331 71 28
3331 87 14
3345 93 17
3352 90 15
3358 55 47
3358 81 44
3359 69 53
3360 83 13
3360 89 19
3361 95 20
3361 100 24
3362 88 13
3362 91 12
3365 59 9
3387 62 43
3387 71 32
3387 86 28
3387 87 19
3387 90 23
3387 96 24
3389 59 37
3399 93 19
3408 90 16
3415 79 41
3415 90 23
3415 93 25
3416 96 22
3417 67 51
3417 71 28
3418 87 13
3421 98 31
3438 90 15
3438 93 9
3445 55 46
3446 89 19
3446 95 19
3449 83 11
3453 74 14
3473 84 42
3474 88 22
3474 100 23
3475 76 30
3501 74 49
3501 83 42
3502 93 21
3502 102 25
3503 98 10
3506 45 9
3507 102 18
3530 83 40
3531 50 38
3531 90 24
3531 93 26
3531 97 15
3531 102 28
3533 69 22
3559 72 55
3559 81 43
3560 66 53
3560 88 29
3560 91 21
3560 94 28
3560 96 22
3561 54 37
3561 60 45
3575 73 29
3579 88 17
3586 88 28
3587 81 44
3588 72 55
3588 91 22
3589 54 42
3589 65 31
3590 66 54
3604 73 27
3607 88 18
3614 88 15
3617 97 14
3618 50 37
3618 69 22
3622 72 10
3645 66 54
3645 81 44
3646 54 38
3646 72 32
3646 88 27
3646 94 27
3647 60 39
3651 73 28
3665 88 17
3672 88 11
3674 80 39
3674 83 42
3675 74 28
3675 93 16
3675 96 24
3675 99 14
3676 62 38
3676 65 52
3676 100 9
3677 53 45
3680 87 9
3680 89 12
3681 93 20
3684 62 43
3688 93 19
3695 93 17
3702 83 44
3702 86 50
3703 97 15
3704 50 39
3704 69 22
3713 50 39
3717 65 22
3729 65 19
3731 81 42
3731 84 49
3732 54 39
3732 66 53
3732 72 32
3732 88 27
3732 94 27
3733 60 46
3737 73 28
3751 88 17
3758 88 28
3760 81 44
3762 54 37
3765 73 28
3769 90 22
3780 88 18
3787 88 10
3789 97 14
3790 50 36
3790 69 22
3790 74 21
3792 62 36
3793 50 37
3811 66 51
3818 54 39
3818 84 21
3818 88 28
3818 94 29
3819 60 47
3823 73 28
3836 90 11
3837 88 17
3844 88 28
3847 81 43
3848 54 37
3849 90 9
3851 73 27
3866 88 18
3873 88 13
3875 81 44
3876 64 45
3876 71 30
3876 100 17
3877 53 45
3878 92 19
3884 52 38
3904 55 49
3904 87 19
3904 93 27
3905 89 19
3905 102 13
3906 59 34
3906 74 13
3908 91 13
3909 95 27
3921 59 26
3929 59 23
3932 79 42
3933 83 22
3933 93 25
3933 98 17
3933 102 16
3934 71 32
3934 74 13
3934 87 12
3935 89 15
3936 59 26
3961 95 21
3962 88 27
3962 90 26
3962 97 14
3963 57 45
3963 64 45
3963 67 22
3963 78 28
3963 91 22
3964 48 43
3964 99 11
3965 92 18
3965 93 15
3974 52 35
3974 95 14
3977 52 38
3982 52 37
3982 57 39
3982 60 37
3987 52 34
3987 88 21
3992 52 35
3994 95 12
3996 88 19
3999 52 36
4000 95 21
4005 88 19
4005 100 22
4015 52 22
4019 72 49
4019 91 20
4020 96 11
4022 57 16
4033 69 53
4033 100 32
4035 88 14
4036 57 13
4048 62 36
4048 72 48
4048 90 21
4048 91 19
4048 97 13
4049 50 38
4049 76 28
4050 96 12
4062 76 29
4062 91 21
4076 73 41
4076 100 25
4077 66 52
4077 76 32
4077 91 22
4077 94 28
4077 96 24
4078 54 42
4078 60 45
4078 72 51
4078 88 33
4080 37 22
4097 88 25
4105 65 35
4105 74 50
4105 88 31
4105 93 21
4105 98 11
4107 66 54
4124 88 19
4131 88 13
4134 67 56
4134 71 29
4134 93 26
4134 98 26
4135 55 50
4135 59 40
4135 86 18
4135 87 18
4135 89 19
4135 102 13
4138 91 14
4139 59 35
4139 95 29
4141 74 10
4146 59 32
4149 91 18
4151 59 28
4158 59 28
4162 84 42
4163 88 22
4163 100 23
4164 59 18
4164 76 29
4190 74 50
4190 83 42
4191 93 21
4191 102 25
4192 98 11
4196 102 19
4219 83 40
4220 40 14
4220 50 39
4220 90 21
4220 93 25
4220 97 15
4220 102 28
4221 69 23
4248 72 55
4248 81 42
4249 66 52
4249 88 28
4249 91 21
4249 94 27
4249 96 22
4250 54 37
4250 60 45
4264 73 42
4268 88 18
4275 88 29
4277 81 44
4278 53 29
4278 91 21
4279 72 55
4280 54 38
4286 90 33
4293 73 31
4297 88 19
4304 88 10
4306 97 14
4307 50 36
4307 69 22
4307 74 21
4309 62 36
4310 50 37
4312 72 11
4327 66 51
4334 72 55
4334 81 43
4335 54 40
4335 88 28
4335 91 22
4335 94 28
4336 60 38
4350 73 28
4354 88 18
4361 88 12
4363 80 39
4364 74 28
4364 93 18
4364 96 23
4364 99 27
4365 62 38
4365 65 51
4365 71 51
4365 95 11
4366 53 44
4369 89 11
4370 93 20
4371 99 11
4373 62 43
4377 93 19
4378 90 35
4384 93 17
4391 71 50
4391 80 37
4392 97 15
4392 99 28
4393 50 40
4393 65 19
4394 95 10
4396 69 19
4399 99 11
4401 69 21
4402 50 38
4407 69 23
4409 65 23
4418 65 19
4420 72 55
4420 81 42
4421 54 37
4421 66 53
4421 88 28
4421 91 21
4421 94 27
4421 96 23
4422 60 46
4436 73 42
4440 88 17
4447 88 28
4449 81 44
4450 91 22
4451 54 37
4451 72 55
4459 90 22
4469 73 20
4469 88 19
4476 88 11
4478 97 14
4479 50 36
4479 69 22
4479 74 52
4481 62 36
4482 50 37
4484 72 12
4498 66 12
4507 54 39
4507 88 28
4507 93 20
4507 94 28
4507 98 11
4508 60 47
4508 66 51
4508 84 20
4526 88 17
4527 73 23
4533 74 45
4533 88 28
4536 93 22
4536 98 12
4536 102 15
4537 54 36
4544 90 9
4556 73 23
4562 88 22
4563 74 22
4565 95 22
4565 100 24
4566 55 51
4566 76 29
4566 89 20
4569 91 12
4585 66 18
4593 71 29
4593 86 20
4593 87 18
4593 90 23
4593 93 26
4593 96 24
4594 74 55
4595 59 35
4595 62 43
4614 90 16
4615 93 10
4621 93 30
4622 90 22
4622 96 24
4622 98 23
4623 71 28
4623 87 12
4637 93 16
4644 90 15
4651 55 46
4652 89 19
4653 95 20
4654 91 13
4655 83 11
4678 93 31
4679 62 43
4679 83 22
4679 90 22
4679 96 23
4680 59 37
4680 87 18
4686 59 27
4694 93 16
4700 90 16
4701 93 14
4707 93 30
4708 90 22
4708 96 23
4708 98 24
4709 71 28
4709 87 13
4723 93 18
4730 90 16
4736 55 46
4736 81 44
4737 69 53
4737 89 20
4739 95 20
4739 100 25
4740 83 12
4740 88 13
4740 91 13
4766 62 35
4766 87 19
4766 90 23
4766 96 24
4767 59 39
4787 90 16
4788 93 10
4793 79 41
4793 90 26
4794 93 23
4794 96 23
4795 67 51
4795 87 22
4796 59 32
4796 62 34
4801 59 18
4810 93 13
4816 90 16
4816 93 10
4822 55 46
4824 89 19
4824 95 19
4826 91 16
4851 84 42
4852 88 22
4852 100 23
4853 76 29
4879 74 49
4879 83 42
4880 93 20
4880 102 25
4881 98 10
4885 102 18
4908 83 40
4909 50 39
4909 90 21
4909 93 26
4909 97 14
4909 102 28
4910 98 9
4911 69 22
4937 72 55
4937 81 42
4938 66 52
4938 88 28
4938 91 20
4938 94 27
4938 96 22
4939 54 37
4939 60 45
4953 73 42
4957 88 17
4964 88 28
4966 81 44
4967 53 29
4967 91 22
4968 72 55
4969 54 38
4975 90 24
4982 73 31
4986 88 19
4993 88 10
4995 97 14
4996 50 37
4996 69 22
4996 74 21
4998 62 36
4999 50 37
5002 72 12
5016 66 51
5023 81 43
5024 54 39
5024 72 32
5024 88 28
5024 94 29
5025 60 39
5029 73 28
5043 88 18
5050 88 12
5052 80 40
5052 83 41
5053 74 28
5053 93 17
5053 96 23
5053 99 14
5054 62 37
5054 65 52
5055 53 44
5057 44 11
5057 89 12
5058 87 9
5059 93 21
5062 62 44
5066 93 19
5073 93 17
5080 83 43
5080 86 50
5081 97 15
5082 50 39
5082 69 23
5091 50 39
5095 65 22
5107 65 19
5109 81 42
5109 84 49
5110 54 39
5110 66 53
5110 72 32
5110 88 28
5110 94 27
5111 60 46
5115 73 28
5129 88 17
5136 88 28
5138 81 44
5140 54 37
5143 73 29
5148 90 9
5165 88 10
5168 90 23
5168 97 14
5169 62 32
5169 69 22
5172 50 36
5189 66 12
5195 73 30
5196 60 47
5196 84 20
5196 88 26
5196 94 28
5197 54 38
5197 66 51
5201 73 28
5213 90 11
5222 88 28
5225 81 43
5226 54 37
5229 73 27
5233 90 9
5244 88 18
5251 88 13
5253 81 44
5254 71 32
5254 100 17
5255 53 47
5255 64 45
5256 92 18
5262 52 39
5282 55 49
5282 87 19
5282 93 28
5283 59 37
5283 89 20
5283 95 27
5283 102 14
5284 74 14
5286 91 13
5299 59 26
5310 79 42
5311 93 25
5311 98 17
5311 102 16
5312 74 13
5312 87 11
5313 89 14
5314 59 26
5340 57 45
5340 88 28
5340 90 26
5340 97 14
5341 64 44
5341 67 22
5341 78 28
5341 91 22
5342 93 14
5342 99 12
5343 92 18
5352 52 35
5352 95 15
5355 52 38
5360 52 37
5360 57 38
5360 60 37
5365 52 33
5365 88 21
5366 95 14
5370 52 35
5372 95 12
5374 88 19
5377 52 36
5378 95 22
5383 100 22
5393 52 22
5397 72 49
5397 91 21
5398 96 11
5400 57 16
5403 60 11
5411 69 53
5412 100 33
5414 72 18
5418 57 13
5425 88 26
5426 62 35
5426 72 49
5426 90 21
5426 91 19
5426 97 16
5427 76 28
5428 96 12
5429 50 38
5440 91 20
5441 76 29
5454 73 41
5455 66 52
5455 76 32
5455 91 22
5455 94 29
5455 96 24
5456 54 42
5456 60 46
5456 72 51
5456 88 33
5458 37 22
5475 88 24
5483 65 34
5483 74 49
5483 88 31
5483 93 21
5483 98 10
5485 66 54
5502 88 19
5508 88 14
5512 67 56
5512 71 29
5512 93 26
5512 98 27
5513 37 19
5513 55 50
5513 59 40
5513 86 19
5513 87 19
5513 89 20
5513 102 13
5516 91 14
5517 59 35
5517 95 29
5519 74 12
5524 59 32
5527 91 19
5529 59 27
5536 59 28
5542 59 19
5550 59 11
5570 67 52
5570 98 26
5572 86 16
5592 91 9
5598 50 39
5598 90 21
5598 93 16
5598 96 26
5598 97 14
5599 65 39
5600 101 13
5601 69 23
5601 84 14
5627 55 48
5627 71 29
5627 87 18
5628 89 20
5628 93 27
5628 102 13
5629 59 36
5630 65 13
5630 91 11
5631 95 25
5642 65 11
5652 59 18
5656 67 53
5656 83 22
5656 93 25
5656 98 27
5656 102 15
5657 71 33
5657 74 12
5657 86 18
5658 59 25
5658 87 13
5658 89 20
5659 91 18
5661 95 30
5672 91 19
5681 59 23
5684 77 28
5684 93 21
5684 96 28
5685 42 42
5685 62 22
5686 84 15
5686 90 16
5687 43 48
5687 65 39
5698 62 21
5706 62 17
5713 55 49
5713 93 26
5714 87 18
5714 89 19
5714 102 14
5715 59 36
5715 74 14
5717 91 11
5718 95 25
5728 65 10
5731 43 14
5741 95 22
5742 67 53
5742 83 22
5742 93 25
5742 98 26
5742 102 16
5743 71 28
5743 74 11
5743 86 18
5744 59 24
5744 87 12
5744 89 16
5745 91 17
5747 95 30
5758 91 19
5770 50 38
5770 88 16
5770 90 21
5770 97 15
5770 100 23
5771 76 30
5772 69 23
5799 55 48
5799 71 31
5799 87 18
5799 93 26
5800 89 19
5800 91 12
5800 102 14
5801 59 35
5804 95 26
5818 95 20
5827 95 26
5828 83 21
5828 91 15
5828 93 24
5828 102 16
5829 71 28
5829 87 13
5830 74 12
5830 89 19
5831 59 25
5853 59 22
5858 42 42
5858 62 22
5859 90 14
5859 98 9
5860 43 46
5863 71 14
5884 54 34
5884 74 51
5885 71 34
5885 93 33
5885 95 12
5885 102 14
5886 55 48
5886 87 18
5886 89 18
5886 91 14
5887 59 36
5889 95 25
5903 43 16
5913 67 54
5913 95 23
5914 83 22
5914 93 24
5914 98 25
5914 102 16
5915 71 28
5915 86 17
5916 59 24
5916 87 13
5916 89 15
5917 91 17
5919 95 35
5930 91 18
5939 59 19
5942 60 40
5943 64 45
5943 92 20
5944 88 24
5944 102 11
5946 48 40
5959 95 18
5970 55 50
5972 71 21
5972 74 11
5972 89 19
5972 92 28
5975 91 12
5976 95 30
5999 67 54
6000 86 21
6000 97 14
6000 98 26
6001 71 21
6001 74 12
6001 101 9
6002 89 19
6003 88 12
6004 91 18
6016 91 19
6018 52 44
6023 55 44
6026 52 40
6028 43 34
6029 64 42
6030 74 9
6031 43 44
6031 90 14
6031 98 9
6034 43 47
6042 62 27
6049 64 24
6053 62 22
6058 55 48
6059 64 48
6059 71 23
6059 74 17
6059 89 19
6059 95 25
6060 92 21
6061 88 11
6061 91 14
6066 43 9
6072 43 11
6076 43 13
6076 52 41
6080 55 43
6086 55 43
6086 67 52
6086 86 21
6086 98 26
6087 74 15
6088 89 15
6089 55 48
6089 92 19
6090 88 11
6090 91 13
6102 91 19
6108 55 46
6115 60 38
6115 64 22
6115 74 49
6115 88 21
6115 93 21
6115 95 19
6115 102 13
6116 98 14
6118 48 41
6132 55 11
6143 54 40
6143 63 33
6145 55 47
6145 64 48
6145 71 23
6145 89 19
6146 92 19
6147 88 14
6147 91 15
6147 95 21
6162 52 41
6167 55 40
6167 74 17
6172 55 47
6174 89 18
6175 88 11
6176 91 10
6190 52 42
6195 55 45
6202 42 42
6202 74 12
6203 55 35
6203 62 25
6203 90 14
6204 43 46
6207 98 9
6229 55 47
6230 72 51
6230 83 15
6230 91 20
6230 100 18
6231 64 44
6231 89 19
6231 95 21
6231 96 12
6232 74 19
6232 92 22
6233 88 10
6246 71 20
6247 43 16
6248 52 40
6253 55 50
6258 67 54
6259 86 21
6259 95 25
6259 97 14
6259 98 27
6260 64 45
6260 71 23
6260 74 10
6260 101 9
6261 89 15
6262 88 12
6262 91 18
6275 91 19
6285 52 39
6287 51 38
6287 74 22
6287 96 28
6287 97 15
6288 62 38
6288 65 42
6288 90 20
6288 93 16
6289 50 41
6289 101 13
6290 69 22
6290 84 14
6295 49 35
6297 50 41
6302 50 39
6312 50 35
6316 55 48
6316 71 28
6316 87 19
6317 89 19
6317 91 12
6317 93 26
6317 102 13
6318 59 35
6321 95 25
6329 65 17
6341 59 19
6344 95 22
6345 67 53
6345 83 22
6345 93 25
6345 98 26
6345 102 16
6346 71 33
6346 74 13
6346 86 18
6347 59 25
6347 87 12
6348 89 20
6348 91 18
6350 95 29
6361 91 18
6370 59 23
6373 77 28
6373 93 20
6373 96 28
6374 62 22
6375 43 48
6375 84 15
6375 90 16
6376 65 39
6387 62 21
6402 55 49
6402 87 19
6402 93 27
6403 89 19
6403 102 14
6404 59 36
6404 74 14
6406 91 12
6407 95 25
6419 65 10
6420 43 15
6427 59 18
6430 95 23
6431 67 53
6431 83 22
6431 93 25
6431 98 26
6431 102 15
6432 71 28
6432 74 10
6432 86 17
6433 59 24
6433 87 13
6433 89 16
6434 91 17
6436 95 30
6447 91 19
6456 59 20
6460 62 35
6460 88 17
6460 97 15
6460 100 23
6461 50 37
6461 76 30
6461 90 22
6462 69 23
6487 55 48
6488 71 31
6488 93 27
6489 87 18
6489 89 19
6489 91 12
6489 102 14
6490 59 37
6507 95 27
6513 59 19
6517 83 22
6517 91 15
6517 93 25
6517 102 15
6518 71 28
6518 87 13
6519 74 10
6519 89 19
6520 59 26
6542 59 23
6547 42 42
6547 62 20
6548 90 13
6549 43 47
6552 71 15
6573 54 34
6573 74 51
6574 71 34
6574 93 33
6574 102 14
6575 55 49
6575 87 18
6575 89 18
6575 91 15
6576 59 36
6578 95 25
6592 43 17
6602 67 54
6602 93 24
6602 95 23
6603 83 21
6603 98 27
6603 102 16
6604 71 27
6604 86 17
6605 37 15
6605 59 25
6605 87 13
6605 89 16
6607 91 18
6608 95 30
6619 91 19
6628 59 21
6632 72 57
6632 88 32
6632 91 23
6632 94 19
6633 49 38
6635 48 43
6642 48 32
6660 59 37
6660 74 49
6660 93 31
6661 102 13
6662 87 19
6662 98 9
6688 57 33
6689 88 20
6689 95 10
6689 100 23
6690 58 50
6690 92 20
6690 94 11
6691 76 28
6691 98 9
6717 70 54
6717 79 40
6717 94 21
6718 53 42
6718 65 49
6718 87 13
6718 89 27
6718 95 25
6718 98 18
6719 61 45
6720 93 13
6723 98 16
6737 89 28
6738 94 11
6745 89 25
6753 89 20
6760 89 13
6774 89 30
6775 74 30
6775 90 18
6775 96 24
6776 41 29
6776 69 53
6776 100 22
6777 62 39
6777 88 10
6780 93 15
6794 93 19
6803 67 54
6804 88 23
6804 95 25
6804 98 27
6805 55 48
6805 76 29
6805 89 18
6807 86 18
6808 91 16
6815 74 14
6818 76 29
6819 83 9
6822 91 17
6832 95 13
6833 60 37
6833 76 33
6833 91 14
6833 94 23
6833 100 15
6834 67 52
6836 86 12
6852 88 19
6853 91 25
6860 74 51
6861 55 49
6861 65 39
6861 93 33
6861 96 26
6861 102 13
6862 95 35
6874 93 15
6875 67 52
6876 98 27
6887 74 23
6890 65 33
6890 72 57
6890 76 24
6890 88 33
6890 91 20
6890 92 21
6890 94 20
6891 49 40
6891 102 12
6892 64 37
6892 74 24
6893 37 31
6895 48 36
6895 83 11
6898 37 15
6900 48 30
6905 95 16
6947 67 51
6948 91 18
6948 98 25
6950 86 15
6976 50 39
6976 90 20
6976 93 16
6976 96 27
6976 97 15
6977 65 39
6978 84 14
6978 101 13
6979 69 22
7005 55 48
7005 71 29
7005 87 19
7006 89 18
7006 91 12
7006 93 27
7006 102 14
7007 59 35
7008 65 16
7010 95 26
7021 65 11
7030 59 19
7033 95 23
7034 67 53
7034 83 21
7034 93 25
7034 98 27
7034 102 15
7035 37 20
7035 71 33
7035 74 12
7035 86 18
7036 59 26
7036 87 11
7036 89 20
7037 91 17
7039 95 30
7050 91 19
7062 77 29
7062 93 20
7062 96 29
7063 42 43
7063 62 21
7064 84 15
7064 90 17
7064 98 9
7065 43 48
7065 65 39
7076 62 22
7091 55 48
7091 87 18
7092 74 15
7092 89 19
7092 93 26
7092 102 13
7093 59 36
7095 91 11
7095 95 25
7099 43 11
7106 65 11
7109 43 14
7119 95 23
7120 67 53
7120 83 23
7120 93 25
7120 98 26
7120 102 16
7121 71 28
7121 74 11
7121 86 18
7122 59 24
7122 87 13
7122 89 15
7123 91 18
7125 95 30
7136 91 19
7145 59 20
7149 62 35
7149 88 17
7149 97 14
7149 100 23
7150 50 37
7150 76 30
7150 90 22
7151 69 22
7176 55 48
7177 71 31
7177 87 18
7177 93 27
7178 89 19
7178 91 12
7178 102 14
7179 59 36
7182 95 25
7196 95 26
7206 83 21
7206 91 15
7206 93 25
7206 102 15
7207 71 28
7207 87 13
7208 59 26
7208 74 10
7208 89 19
7236 42 43
7236 62 19
7237 90 14
7238 43 47
7241 71 14
7241 98 9
7262 54 34
7262 93 34
7263 71 34
7263 74 50
7263 95 12
7263 102 14
7264 55 49
7264 87 18
7264 89 18
7264 91 14
7265 59 36
7267 95 25
7281 43 15
7291 67 54
7291 93 24
7292 83 22
7292 98 27
7292 102 16
7293 71 28
7293 86 17
7294 59 24
7294 87 13
7294 89 16
7295 91 18
7297 95 35
7308 91 18
7320 60 40
7321 64 36
7321 92 20
7322 83 14
7322 88 23
7322 102 11
7324 48 39
7336 95 17
7349 63 30
7350 55 45
7350 71 25
7351 64 49
7351 89 20
7352 92 20
7353 91 14
7354 55 48
7354 95 30
7355 74 13
7373 55 41
7378 55 48
7378 67 52
7378 86 21
7378 98 27
7379 74 16
7380 89 19
7381 92 29
7382 88 11
7382 91 13
7394 91 18
7401 55 45
7409 43 44
7409 90 13
7409 98 9
7412 43 46
7431 62 29
7435 55 47
7437 64 48
7437 71 24
7437 74 17
7437 89 19
7437 92 21
7437 95 26
7439 88 11
7439 91 13
7449 43 13
7454 52 41
7459 55 41
7464 55 42
7464 67 52
7464 86 21
7464 98 27
7465 74 16
7466 89 16
7467 55 48
7467 88 11
7468 91 13
7468 92 19
7479 91 18
7486 55 46
7493 60 38
7493 64 21
7493 74 50
7493 88 21
7493 93 21
7493 102 13
7494 98 14
7496 48 40
7510 55 12
7521 63 33
7522 55 47
7523 64 43
7523 71 21
7523 89 20
7524 92 22
7525 88 15
7525 91 14
7525 95 22
7532 88 9
7540 52 41
7545 55 50
7545 74 22
7551 97 14
7552 71 20
7552 91 15
7553 89 19
7554 88 12
7580 62 31
7580 67 20
7581 43 46
7581 90 13
7581 98 9
7589 71 13
7608 44 21
7608 55 50
7608 72 51
7608 83 11
7608 91 20
7608 100 17
7609 64 44
7609 89 19
7609 95 19
7609 96 13
7610 74 18
7610 92 23
7612 88 10
7619 72 31
7624 71 21
7625 43 16
7636 67 54
7637 86 21
7637 95 26
7637 97 13
7637 98 27
7638 64 45
7638 71 23
7638 74 12
7639 89 16
7640 88 11
7640 91 19
7653 91 18
7660 55 44
7663 52 39
7665 51 38
7665 74 22
7665 90 21
7665 96 27
7665 97 14
7666 62 32
7666 65 42
7666 93 16
7667 50 41
7667 101 13
7668 69 23
7668 84 14
7673 49 35
7675 50 41
7680 50 39
7690 50 35
7693 55 48
7694 71 28
7694 87 18
7695 89 20
7695 93 26
7695 102 13
7696 59 36
7697 91 12
7699 95 25
7707 65 17
7719 59 19
7722 95 23
7723 67 53
7723 83 22
7723 93 25
7723 98 26
7723 102 16
7724 71 27
7724 74 12
7724 86 18
7725 59 25
7725 87 13
7726 89 19
7726 91 17
7728 95 30
7739 91 18
7748 59 23
7752 42 42
7752 77 28
7752 93 22
7752 96 28
7753 65 39
7754 84 15
7754 90 15
7754 98 9
7755 43 49
7758 71 15
7763 62 22
7778 67 25
7780 71 33
7780 91 14
7780 93 26
7781 55 48
7781 87 17
7781 89 18
7781 102 12
7782 59 37
7783 65 12
7783 74 16
7784 95 25
7788 43 9
7797 65 12
7798 43 14
7805 59 18
7808 95 23
7809 67 54
7809 83 21
7809 93 24
7809 98 27
7809 102 15
7810 71 28
7810 74 11
7810 86 18
7811 59 24
7811 87 13
7811 89 15
7812 91 18
7814 95 30
7825 91 19
7834 59 19
7838 62 35
7838 88 17
7838 97 14
7838 100 23
7839 50 37
7839 76 29
7839 90 22
7840 69 23
7866 71 31
7866 87 18
7866 93 28
7867 55 48
7867 89 19
7867 91 13
7867 102 14
7868 59 36
7871 95 25
7885 95 26
7895 83 21
7895 91 15
7895 93 25
7895 102 16
7896 71 27
7896 87 13
7897 89 19
7898 59 25
7898 74 9
7925 42 42
7925 62 20
7926 90 13
7927 43 47
7930 71 14
7930 98 9
7952 71 33
7952 93 33
7953 55 46
7953 74 51
7953 102 15
7954 87 19
7954 89 19
7955 59 37
7957 91 12
7957 95 25
7981 67 53
7981 87 22
7981 98 27
7981 102 16
7982 55 46
7982 93 24
7983 59 28
7983 89 16
7986 91 13
7986 95 29
7996 91 18
8006 59 26
8009 72 57
8010 88 31
8010 91 23
8010 94 19
8011 49 38
8013 48 43
8014 55 13
8020 48 31
8026 55 11
8038 59 37
8038 74 49
8038 93 31
8039 87 19
8039 102 13
8066 56 33
8067 77 29
8067 88 20
8067 95 10
8067 100 23
8068 58 50
8068 92 20
8068 94 11
8069 76 29
8069 98 10
8095 70 54
8095 79 40
8095 94 21
8096 65 49
8096 87 12
8096 89 28
8096 95 25
8096 98 18
8097 53 41
8097 61 44
8098 93 12
8101 98 17
8115 89 28
8116 94 11
8123 89 25
8131 89 20
8138 89 14
8152 89 30
8153 74 29
8153 90 18
8153 96 25
8154 69 53
8154 100 22
8155 62 39
8155 88 12
8158 93 15
8172 93 19
8181 67 53
8182 88 19
8182 95 26
8182 98 29
8182 100 23
8183 55 48
8183 76 28
8183 89 19
8185 86 11
8186 91 15
8193 74 16
8196 91 24
8197 76 31
8197 100 22
8198 67 58
8198 95 19
8211 60 37
8211 76 30
8211 91 14
8211 94 23
8212 88 31
8230 88 20
8231 91 17
8239 55 46
8240 74 51
8240 93 33
8240 96 28
8240 102 13
8241 77 23
8241 98 14
8242 65 40
8242 95 35
8243 91 14
8245 83 10
8251 84 9
8252 67 52
8254 98 24
8258 91 14
8260 65 33
8265 74 19
8268 60 38
8268 65 31
8268 72 52
8268 91 24
8268 92 20
8268 100 14
8269 49 38
8269 76 24
8269 88 25
8269 96 13
8269 102 10
8270 64 36
8270 74 21
8270 83 14
8273 48 39
8278 48 30
8281 95 17
8293 48 25
8297 66 53
8297 73 26
8298 91 19
8298 97 11
8299 57 48
8299 90 12
8300 93 14
8300 94 14
8314 57 44
8320 54 42
8326 58 36
8326 71 31
8326 87 26
8326 93 28
8327 65 51
8328 53 44
8328 59 36
8329 89 11
8335 59 29
8336 93 19
8340 87 20
8342 93 17
8343 58 32
8346 58 30
8347 93 18
8351 59 25
8353 72 51
8354 91 20
8355 52 42
8355 64 47
8355 96 11
8355 100 15
8356 37 15
8356 92 28
8357 88 12
8365 72 31
8367 71 25
8382 59 33
8383 55 49
8383 84 20
8383 88 23
8383 91 22
8383 94 24
8383 95 33
8383 102 20
8384 60 46
8384 83 18
8384 89 20
8385 74 15
8391 95 31
8392 83 20
8404 83 11
8412 74 11
8412 88 25
8412 91 22
8412 94 27
8414 89 15
8417 102 10
8425 67 49
8426 86 21
8426 98 25
8441 91 24
8442 60 31
8442 72 52
8444 48 41
8451 48 32
8468 55 49
8469 84 20
8469 91 21
8469 92 20
8469 94 24
8469 102 19
8470 60 48
8470 64 35
8470 74 14
8470 83 18
8470 88 20
8470 89 20
8477 95 23
8478 83 18
8490 83 11
8498 74 12
8498 88 26
8498 91 22
8498 94 26
8500 89 15
8503 102 10
8509 67 49
8512 98 26
8513 86 21
8526 64 46
8527 72 51
8527 91 21
8529 52 38
8529 92 19
8539 67 20
8545 71 20
8551 71 20
8554 60 48
8555 55 50
8555 84 20
8555 91 19
8555 94 24
8556 74 14
8556 88 24
8556 89 19
8557 95 20
8584 74 12
8584 91 21
8584 94 26
8586 89 15
8614 48 39
8641 59 30
8642 71 52
8642 90 21
8642 91 23
8642 94 24
8642 99 16
8643 55 45
8643 60 48
8643 74 15
8643 84 23
8643 89 20
8644 88 29
8644 95 13
8650 95 23
8670 69 53
8670 94 21
8671 55 46
8671 91 20
8672 74 17
8680 88 23
8690 88 19
8690 93 16
8698 71 51
8699 88 14
8699 90 33
8699 97 13
8699 99 16
8700 50 38
8703 69 26
8710 69 10
8723 69 11
8728 67 17
8728 83 27
8728 87 23
8728 93 27
8728 96 25
8729 55 45
8729 89 20
8730 59 35
8730 62 34
8731 91 13
8744 90 18
8749 90 16
8755 83 31
8755 90 17
8756 93 24
8757 55 45
8758 89 14
8761 90 17
8761 91 26
8770 67 52
8771 98 26
8773 90 9
8783 95 13
8784 90 34
8785 62 36
8785 72 36
8785 97 14
8785 99 16
8786 50 38
8787 71 50
8788 69 20
8793 69 22
8800 69 21
8803 67 15
8804 69 21
8809 69 24
8810 67 24
8814 83 26
8814 87 19
8814 93 27
8814 96 24
8815 55 48
8815 89 20
8815 95 26
8816 59 38
8816 62 34
8817 91 13
8830 90 18
8835 90 16
8841 90 11
8842 93 26
8843 83 21
8843 91 15
8843 102 16
8844 37 14
8844 71 50
8844 87 12
8845 89 14
8849 90 14
8852 67 49
8853 86 22
8857 98 26
8860 62 13
8861 87 9
8862 91 12
8870 90 33
8871 50 38
8871 95 11
8871 97 14
8871 99 16
8874 69 19
8879 69 23
8886 69 21
8890 69 24
8899 67 54
8900 55 48
8900 93 26
8900 98 28
8901 87 18
8901 89 19
8902 37 15
8902 59 36
8904 91 16
8905 95 35
8910 71 22
8915 90 10
8915 91 19
8925 59 18
8929 64 37
8929 83 23
8929 92 23
8929 93 23
8929 102 26
8930 37 23
8930 71 22
8930 74 12
8930 87 13
8930 91 16
8931 59 24
8931 89 15
8936 83 22
8942 102 11
8946 90 9
8949 95 17
8954 59 19
8956 90 29
8957 50 40
8957 74 37
8957 96 20
8958 69 54
8958 97 15
8969 93 14
8986 55 48
8986 60 39
8986 89 21
8986 91 21
8986 93 14
8986 94 24
8986 100 25
8987 88 27
8988 95 20
8996 88 24
9006 88 20
9007 93 28
9014 67 54
9015 74 15
9015 83 22
9015 98 27
9016 37 20
9016 71 29
9016 86 18
9016 87 18
9016 102 14
9018 89 15
9019 59 35
9019 91 14
9020 95 29
9026 59 29
9031 91 18
9032 59 25
9040 59 25
9044 62 35
9044 97 33
9045 78 28
9045 94 17
9046 69 55
9046 85 13
9047 50 37
9047 66 54
9072 60 46
9072 88 32
9072 94 29
9073 54 38
9076 73 45
9092 88 35
9092 93 14
9100 53 32
9101 91 21
9102 54 39
9102 72 55
9102 76 28
9104 37 23
9109 90 9
9120 88 25
9130 90 23
9130 97 14
9131 50 38
9131 74 52
9134 50 36
9151 66 52
9158 60 47
9158 71 52
9158 84 28
9158 88 28
9158 93 20
9158 94 28
9158 98 12
9158 99 17
9159 54 39
9160 95 10
9184 88 31
9186 73 43
9187 69 53
9187 91 23
9188 54 37
9188 72 56
9194 90 11
9207 88 25
9207 93 14
9215 90 24
9216 74 21
9216 95 23
9216 98 26
9216 99 15
9217 55 52
9217 67 54
9217 71 49
9218 89 18
9220 91 15
9231 91 19
9245 74 32
9245 87 19
9245 90 25
9245 93 26
9245 96 24
9246 83 18
9247 59 35
9247 62 37
9256 71 31
9267 90 15
9267 93 10
9272 90 26
9273 87 24
9273 93 23
9273 96 23
9274 62 34
9275 59 33
9295 90 15
9295 93 10
9302 55 46
9302 91 15
9303 89 19
9304 95 21
9310 74 15
9318 71 9
9330 93 30
9331 69 53
9331 74 32
9331 87 21
9331 90 22
9331 96 24
9331 100 25
9332 59 39
9332 83 18
9332 86 33
9333 62 35
9333 88 14
9338 59 27
9344 71 27
9344 93 24
9352 90 16
9357 71 29
9358 90 25
9359 67 51
9359 96 23
9360 62 34
9360 87 24
9361 59 31
9366 59 16
9375 93 11
9380 90 17
9381 93 9
9388 50 38
9388 94 17
9388 97 33
9389 78 28
9390 59 16
9390 85 12
9391 66 45
9391 69 54
9417 54 36
9417 65 35
9417 72 33
9417 88 31
9417 94 29
9418 60 46
9419 66 53
9422 73 29
9437 88 25
9438 93 14
9445 72 55
9445 91 22
9445 100 21
9446 54 44
9446 76 28
9446 88 37
9447 66 53
9448 37 21
9465 88 25
9474 74 51
9474 97 14
9475 50 37
9478 50 36
9502 66 56
9503 54 38
9503 88 26
9503 93 20
9503 94 38
9503 98 9
9504 60 47
9504 84 21
9522 88 17
9529 88 29
9532 97 28
9533 54 37
9533 85 17
9536 73 30
9537 94 23
9542 94 21
9551 88 18
9558 88 10
9560 71 29
9560 91 17
9560 93 27
9560 98 26
9561 59 42
9561 67 59
9561 74 18
9561 86 19
9561 87 19
9561 89 19
9562 37 13
9562 55 52
9565 59 35
9565 95 29
9572 59 33
9576 91 18
9577 59 28
9584 59 27
9590 59 23
9596 91 10
9607 59 14
9646 60 40
9646 88 20
9646 94 24
9675 64 37
9675 92 21
9675 95 25
9677 83 9
9704 67 58
9704 91 18
9704 98 26
9706 86 16
9731 91 25
9732 60 40
9732 86 17
9732 95 23
9732 98 25
9733 88 20
9735 48 41
9742 48 31
9742 91 10
9753 91 18
9760 63 35
9761 55 49
9761 71 24
9762 64 52
9762 74 14
9762 89 20
9763 92 31
9764 86 15
9764 95 31
9765 88 24
9772 91 19
9773 88 21
9780 53 42
9782 88 15
9783 55 58
9790 74 21
9790 97 14
9790 98 15
9790 99 10
9790 100 25
9791 88 17
9799 89 12
9814 88 37
9817 80 31
9818 91 24
9818 98 20
9819 60 34
9821 48 38
9830 88 29
9846 55 57
9847 71 24
9847 86 12
9848 64 51
9848 89 20
9848 92 31
9849 74 13
9850 88 26
9853 95 31
9860 88 17
9869 88 10
9875 100 33
9876 72 52
9876 86 11
9876 97 13
9877 96 14
9878 74 22
9880 91 18
9884 89 12
9893 88 35
9904 91 19
9904 100 36
9905 60 35
9907 37 10
9907 48 38
9908 64 22
9916 88 29
9924 55 10
9933 54 38
9935 55 47
9935 64 42
9935 71 25
9935 86 9
9935 89 21
9935 91 17
9935 99 10
9936 74 15
9936 92 19
9939 88 26
9940 95 19
9944 71 23
9948 88 23
9952 53 40
9954 55 36
9957 55 40
9957 88 21
9962 94 23
9963 60 43
9991 88 21
9991 94 25
10020 64 37
10020 92 20
10020 95 25
10022 83 10
10047 67 56
10048 91 18
10048 98 26
10049 64 12
10050 86 15
10076 91 20
10077 51 33
10077 77 24
10077 86 18
10077 90 21
10077 93 17
10077 96 27
10077 97 15
10077 98 23
10078 62 36
10079 50 40
10079 101 13
10080 84 13
10098 91 9
10106 55 48
10106 72 19
10107 65 49
10107 89 22
10107 93 15
10107 95 20
10109 91 15
10110 54 53
10114 54 54
10118 54 51
10120 55 44
10120 91 12
10122 54 49
10124 55 41
10127 93 9
10129 55 47
10133 55 53
10134 79 42
10135 72 20
10135 74 20
10135 87 13
10135 89 26
10135 93 22
10135 98 16
10136 65 46
10143 54 55
10147 54 52
10151 54 51
10153 55 43
10158 55 49
10162 55 35
10162 62 35
10162 79 39
10163 97 15
10163 98 17
10164 50 41
10164 69 22
10164 77 29
10164 90 20
10178 65 18
10189 65 51
10192 55 49
10192 72 18
10193 89 24
10193 93 15
10194 95 24
10195 91 14
10196 54 53
10198 55 55
10207 55 49
10215 55 48
10219 55 53
10220 72 35
10221 64 35
10221 74 17
10221 87 10
10221 89 26
10221 90 22
10221 91 14
10221 93 20
10221 96 12
10221 99 15
10222 71 51
10222 77 23
10223 65 43
10225 54 54
10229 54 54
10233 54 52
10237 54 50
10239 55 43
10244 55 49
10248 55 35
10248 62 35
10248 71 50
10249 77 30
10249 90 34
10249 99 15
10250 50 42
10250 97 13
10253 69 19
10259 50 39
10259 69 23
10264 65 18
10276 65 51
10278 55 48
10278 72 19
10279 89 25
10279 93 15
10280 95 20
10282 54 54
10282 91 13
10284 55 55
10293 55 49
10301 55 48
10305 55 37
10306 93 26
10307 71 28
10307 87 20
10308 59 34
10336 83 17
10336 93 25
10337 71 28
10337 87 14
10338 59 28
10364 74 29
10364 90 16
10364 96 24
10365 62 36
10369 93 10
10392 69 54
10392 93 19
10393 100 24
10395 88 12
10414 93 22
10422 42 46
10422 100 26
10423 62 20
10423 103 9
10424 89 22
10424 90 16
10425 43 47
10442 93 18
10449 54 45
10450 65 48
10451 55 45
10451 72 22
10451 95 21
10451 100 11
10452 74 18
10453 91 13
10454 54 53
10458 54 54
10462 54 51
10464 55 44
10465 43 15
10466 54 48
10467 93 10
10468 55 41
10473 55 48
10477 55 55
10479 72 18
10479 74 18
10479 89 33
10479 91 15
10480 65 44
10491 54 52
10495 54 51
10497 55 44
10502 55 49
10506 55 39
10507 81 46
10508 62 22
10508 98 15
10510 43 48
10510 90 14
10513 71 12
10513 100 10
10521 65 51
10535 54 46
10537 72 21
10537 93 15
10538 74 18
10538 95 23
10539 91 14
10540 54 53
10542 55 54
10551 43 14
10551 55 49
10559 55 48
10563 55 54
10565 64 33
10565 71 51
10565 74 16
10565 87 11
10565 89 33
10565 90 22
10565 91 14
10565 93 21
10565 96 14
10565 99 15
10566 77 23
10567 65 44
10569 54 54
10577 54 52
10581 54 51
10583 55 44
10588 55 49
10592 55 39
10593 71 52
10594 42 44
10594 90 26
10594 96 15
10594 98 13
10594 99 16
10596 43 48
10596 62 21
10602 43 46
10607 65 50
10623 55 46
10623 72 19
10623 83 13
10624 74 16
10624 93 15
10624 95 20
10627 54 52
10627 91 12
10629 55 47
10631 54 53
10633 55 45
10635 54 49
10637 55 43
10638 43 15
10639 54 47
10641 55 40
10646 55 47
10650 71 30
10651 59 34
10651 87 19
10652 93 28
10681 71 28
10681 87 13
10682 59 28
10709 74 29
10709 96 24
10710 62 36
10710 90 19
10715 93 9
10736 69 55
10737 100 23
10739 88 12
10757 93 23
10766 60 39
10766 88 27
10766 95 19
10767 48 41
10787 93 14
10795 55 49
10795 64 45
10796 71 23
10796 74 13
10796 89 19
10797 88 18
10797 92 22
10798 95 26
10799 91 14
10807 88 9
10817 55 51
10823 100 32
10824 89 15
10824 91 15
10824 97 13
10825 71 21
10825 86 12
10826 69 12
10826 74 12
10847 55 44
10850 52 36
10851 81 44
10851 100 34
10852 60 40
10852 88 34
10853 64 14
10853 76 29
10854 67 24
10855 48 36
10863 88 26
10881 55 50
10881 71 24
10882 64 45
10882 89 19
10882 92 22
10884 74 13
10884 88 16
10885 91 13
10885 95 26
10910 72 51
10910 97 13
10910 100 31
10911 86 11
10911 88 11
10911 96 13
10912 74 17
10912 89 15
10913 91 19
10923 71 24
10927 72 28
10931 71 23
10933 55 44
10936 52 36
10937 88 34
10937 91 25
10938 60 40
10938 72 52
10939 64 15
10939 76 27
10939 96 11
10941 48 39
10942 37 11
10943 67 24
10949 88 26
10967 55 50
10967 71 27
10968 64 41
10968 74 14
10968 89 20
10969 92 20
10970 88 16
10970 91 14
10971 95 19
10996 60 44
10996 88 25
10996 94 23
11025 94 26
11053 64 37
11053 92 21
11053 95 26
11055 83 10
11081 67 52
11082 91 18
11082 98 26
11084 86 15
11110 52 39
11110 64 46
11110 91 22
11111 72 51
11111 100 16
11112 86 11
11112 96 13
11113 37 14
11113 92 18
11114 88 12
11127 71 22
11139 55 50
11139 60 47
11139 84 49
11139 91 21
11139 94 23
11140 74 15
11140 88 23
11140 89 18
11141 95 20
11167 79 42
11168 74 15
11168 94 27
11168 98 21
11170 89 15
11196 80 12
11197 64 45
11197 71 23
11197 98 16
11198 52 40
11198 86 11
11199 92 18
11226 55 45
11226 60 48
11226 88 19
11226 94 24
11227 89 19
11227 91 23
11228 74 15
11228 95 22
11231 83 10
11253 56 36
11253 79 42
11254 76 30
11254 94 21
11254 98 21
11254 100 18
11255 55 46
11255 74 17
11255 83 12
11255 88 33
11256 89 15
11282 79 38
11283 64 45
11283 71 23
11283 98 16
11283 100 24
11285 92 18
11287 52 36
11288 44 12
11299 52 38
11312 55 45
11312 88 26
11312 91 23
11312 94 23
11313 74 16
11313 89 19
11314 95 19
11317 83 11
11340 94 21
11369 94 27
11398 64 36
11398 92 20
11398 95 25
11400 83 10
11427 67 52
11427 91 18
11427 98 26
11429 86 15
11455 53 42
11455 65 49
11455 72 44
11455 91 22
11455 100 16
11456 96 13
11457 93 12
11458 89 11
11463 100 13
11484 57 44
11484 62 44
11484 90 16
11484 93 24
11484 96 25
11485 76 12
11485 91 19
11487 97 12
11500 65 20
11512 81 46
11512 84 42
11513 48 18
11513 91 25
11514 57 40
11514 76 16
11514 90 15
11514 98 12
11519 100 9
11540 81 44
11540 84 42
11541 53 42
11541 65 48
11541 72 19
11543 62 18
11544 89 11
11563 81 10
11569 56 36
11570 69 12
11570 74 55
11570 81 13
11570 90 15
11570 93 25
11570 96 24
11571 57 42
11571 62 43
11571 76 12
11571 91 21
11572 97 14
11586 65 19
11598 81 47
11599 48 24
11599 85 11
11599 90 15
11599 91 26
11599 96 23
11599 98 24
11600 57 39
11601 76 15
11605 100 10
11627 81 45
11628 53 42
11628 65 48
11628 72 25
11628 98 12
11628 102 14
11633 89 11
11649 93 12
11653 74 48
11655 56 34
11655 93 27
11656 69 12
11656 81 16
11656 90 16
11656 96 24
11657 57 42
11657 62 37
11657 91 21
11658 76 11
11659 97 12
11672 65 20
11683 65 10
11685 93 21
11685 98 13
11686 102 13
11687 57 18
11714 50 41
11714 90 20
11714 93 23
11714 97 14
11715 69 22
11741 65 48
11742 72 22
11742 89 13
11742 101 20
11744 53 41
11745 93 13
11747 53 43
11769 89 9
11770 81 45
11771 57 43
11772 37 11
11772 76 14
11772 91 20
11773 97 13
11799 81 44
11800 55 47
11800 71 51
11800 89 19
11800 90 21
11800 91 16
11800 95 22
11800 99 17
11800 100 15
11801 37 20
11801 74 12
11803 65 15
11828 62 45
11828 90 20
11828 93 24
11828 96 29
11829 65 39
11830 84 12
11833 57 9
11848 93 14
11857 93 17
11857 96 27
11858 90 15
11858 98 13
11859 84 14
11860 65 35
11861 93 26
11867 93 24
11872 93 17
11877 93 15
11886 55 46
11887 89 19
11888 95 20
11889 91 13
11891 83 9
11895 74 14
11915 62 35
11915 93 24
11915 96 29
11915 102 13
11916 65 41
11916 78 26
11916 90 32
11917 84 17
11922 78 13
11924 90 25
11930 93 18
11933 90 13
11935 93 13
11942 79 40
11942 90 19
11943 77 28
11943 93 28
11943 96 30
11943 98 25
11944 62 34
11945 65 37
11963 93 15
11971 88 46
11972 55 46
11972 95 27
11973 76 29
11977 89 19
12001 60 45
12001 64 40
12001 88 19
12001 92 20
12001 94 24
12002 102 11
12006 83 11
12028 88 32
12029 92 23
12029 94 21
12029 95 25
12031 83 11
12058 55 46
12059 89 19
12060 64 15
12060 74 14
12061 95 28
12062 91 12
12063 83 9
12086 84 47
12087 60 47
12087 88 21
12087 92 22
12087 94 23
12088 64 36
12088 102 12
12116 64 33
12116 94 26
12116 95 23
12117 92 20
12117 102 10
12118 83 12
12143 65 49
12143 69 54
12144 53 42
12144 74 46
12144 88 40
12144 90 16
12144 93 21
12144 94 22
12148 89 12
12150 93 23
12154 60 39
12154 62 33
12157 60 39
12158 93 13
12162 60 38
12163 93 26
12165 60 37
12168 60 39
12172 88 22
12173 60 36
12176 62 39
12178 60 34
12180 93 12
12181 60 32
12181 62 30
12182 88 13
12186 60 34
12189 60 33
12192 60 34
12197 60 31
12200 60 31
12202 93 22
12202 102 14
12203 98 12
12205 60 30
12208 60 29
12213 60 29
12224 60 25
12230 62 36
12230 71 50
12230 95 22
12230 96 29
12230 99 16
12230 100 17
12230 102 21
12231 55 46
12231 90 32
12234 91 14
12235 84 12
12259 95 10
12287 79 39
12288 98 18
12317 60 39
12317 72 55
12317 76 21
12317 88 23
12317 91 21
12317 92 21
12317 94 24
12317 95 27
12318 64 38
12318 102 9
12319 83 9
12324 45 24
12325 37 9
12359 91 31
12360 67 54
12360 72 54
12360 88 23
12360 94 24
12360 95 26
12360 98 27
12361 60 37
12361 64 39
12361 92 20
12361 102 11
12362 86 15
12363 37 32
12367 45 32
12373 91 33
12373 95 27
12374 41 34
12374 94 19
12375 92 21
12375 102 12
12376 60 34
12376 64 34
12376 83 9
12376 100 23
12377 37 32
12382 37 20
12394 91 16
12396 44 17
