0 79 50
1 67 11
1 72 60
5 60 35
23 66 35
24 86 29
25 67 52
26 60 10
67 95 39
72 98 46
78 95 21
116 95 46
127 95 26
162 91 62
165 67 9
187 62 54
187 72 29
188 81 39
188 98 19
189 47 13
190 96 12
208 69 63
208 88 32
253 88 60
259 90 67
293 88 9
303 85 18
303 86 63
347 83 69
354 86 11
369 68 18
369 71 64
369 78 42
370 59 51
389 67 44
389 85 32
389 94 16
391 66 60
435 82 18
435 85 20
436 86 68
483 78 39
483 79 46
486 86 13
508 66 14
530 84 29
530 93 42
531 80 43
531 81 52
532 82 26
533 79 14
538 59 11
554 71 18
554 76 41
554 83 37
557 64 57
576 71 58
576 90 29
577 78 39
577 91 36
578 79 45
585 81 57
599 84 26
600 80 48
600 95 18
601 48 20
601 79 37
623 83 72
644 74 61
645 62 52
645 67 23
646 98 17
647 96 11
667 69 63
667 88 31
668 78 42
668 91 41
669 79 52
687 83 15
718 85 23
718 86 69
722 62 12
743 67 13
743 72 61
747 60 36
763 69 26
764 66 39
765 86 37
766 60 10
766 67 52
811 95 45
814 90 17
814 98 58
821 95 25
836 98 17
841 98 18
861 95 48
862 79 14
863 98 9
909 91 65
911 67 10
930 74 61
931 62 56
931 67 29
931 72 31
931 81 39
932 96 14
932 98 20
952 69 63
952 88 32
999 88 58
1004 90 69
1048 86 66
1048 88 14
1095 83 66
1102 86 10
1113 62 9
1118 58 50
1118 68 22
1118 71 64
1118 78 37
1120 59 55
1125 93 12
1140 67 45
1140 90 38
1141 85 35
1141 94 18
1142 66 62
1189 86 63
1234 80 34
1235 78 39
1235 91 36
1236 79 48
1246 86 9
1251 83 12
1258 66 17
1279 80 42
1279 82 33
1279 93 40
1280 81 52
1281 48 17
1283 79 13
1303 76 52
1303 83 31
1304 66 31
1307 64 61
1324 71 59
1324 80 35
1325 78 41
1325 91 38
1326 79 51
1337 81 13
1349 84 32
1349 93 43
1350 80 43
1350 81 58
1350 95 15
1372 84 30
1373 83 69
1395 74 52
1396 62 53
1396 67 23
1396 98 16
1397 47 14
1398 96 12
1416 69 67
1417 88 38
1418 91 39
1419 79 49
1420 78 38
1421 45 22
1437 83 14
1464 62 15
1465 85 23
1465 86 68
1468 62 11
1469 83 12
1488 62 21
1488 67 10
1488 72 63
1493 60 35
1509 66 35
1510 86 34
1511 67 55
1556 95 39
1559 98 56
1567 95 21
1580 98 15
1585 98 15
1603 95 47
1644 67 29
1648 91 61
1672 74 60
1673 62 57
1673 81 39
1673 98 21
1674 47 18
1674 96 15
1694 69 61
1694 88 30
1739 88 64
1743 90 66
1786 88 16
1789 86 62
1834 83 59
1857 71 54
1857 78 43
1858 50 19
1858 59 54
1858 68 18
1867 93 9
1878 67 45
1879 85 33
1879 94 17
1880 66 61
1925 83 58
1925 85 21
1926 86 69
1973 82 27
1973 91 37
1974 59 13
1974 66 11
1974 79 48
1975 78 37
1976 86 14
1997 66 13
2015 84 24
2015 93 38
2016 80 40
2016 81 49
2018 66 38
2038 71 23
2038 76 48
2038 83 39
2039 92 12
2040 98 10
2041 64 64
2059 71 59
2060 90 31
2061 82 21
2062 78 34
2062 91 33
2063 79 45
2075 81 61
2083 73 25
2083 84 33
2084 95 20
2085 48 29
2085 82 29
2107 83 70
2128 74 57
2129 62 57
2129 67 25
2129 98 21
2130 96 16
2152 69 65
2152 88 33
2153 80 37
2154 48 28
2170 83 72
2199 86 64
2223 88 66
2224 72 62
2224 79 52
2227 61 31
2229 60 45
2248 66 43
2248 69 29
2249 86 31
2251 67 56
2266 88 19
2295 74 58
2296 93 30
2318 76 51
2318 81 20
2318 88 70
2319 85 15
2319 95 21
2365 86 67
2366 91 37
2367 72 63
2379 67 34
2390 85 24
2412 74 56
2413 62 57
2413 81 44
2414 47 21
2414 96 15
2416 72 18
2435 69 66
2435 88 37
2436 83 72
2457 75 30
2482 83 68
2483 78 58
2484 97 31
2527 80 41
2527 84 25
2527 93 40
2528 81 50
2551 74 64
2551 84 29
2552 76 25
2573 84 70
2574 69 12
2575 83 38
2577 62 16
2580 83 37
2587 81 19
2597 86 67
2599 71 65
2599 78 36
2600 59 52
2600 68 17
2613 93 9
2619 67 45
2619 90 37
2620 85 37
2620 94 21
2621 66 65
2647 86 12
2668 74 61
2669 93 33
2730 66 37
2735 75 25
2735 78 54
2736 81 27
2736 97 26
2741 71 37
2742 74 9
2749 59 18
2759 74 13
2759 91 66
2783 90 67
2784 71 23
2784 76 51
2784 83 40
2785 63 39
2785 92 20
2787 64 63
2807 71 61
2828 91 66
2830 73 23
2830 79 25
2831 90 14
2832 95 20
2853 78 35
2853 82 19
2853 86 14
2853 93 50
2854 79 42
2892 93 12
2898 91 64
2920 83 46
2921 71 10
2921 73 19
2921 76 49
2921 81 12
2923 79 22
2924 90 67
2947 83 12
2947 91 67
2969 79 51
2970 67 14
2970 72 63
2972 61 33
2975 60 45
2992 66 35
2993 86 32
2994 67 54
3041 74 58
3041 93 31
3091 76 55
3091 79 28
3092 60 12
3092 95 24
3141 67 26
3141 72 9
3141 78 36
3141 91 35
3142 79 44
3143 60 14
3163 74 64
3164 62 52
3164 81 39
3165 98 14
3185 69 64
3185 88 33
3232 76 58
3232 79 32
3233 95 25
3235 62 15
3236 79 13
3278 78 53
3279 69 12
3279 81 27
3279 97 26
3324 84 33
3324 93 45
3325 68 14
3325 80 48
3325 81 57
3349 68 15
3349 71 49
3350 59 51
3369 67 40
3370 85 31
3370 94 14
3371 66 60
3380 81 19
3394 83 27
3395 71 51
3415 74 57
3415 93 30
3463 78 46
3463 81 27
3464 97 19
3485 67 42
3486 85 34
3486 94 17
3487 66 60
3499 59 15
3506 83 70
3511 59 13
3530 84 29
3531 76 53
3531 80 41
3531 81 49
3532 59 17
3532 67 33
3533 48 21
3534 64 63
3554 71 60
3555 90 32
3576 73 23
3577 79 24
3577 95 17
3589 81 12
3603 78 43
3603 82 31
3603 91 42
3604 79 52
3606 81 18
3646 81 27
3647 78 49
3647 97 22
3653 76 10
3693 79 57
3695 82 31
3697 61 9
3755 79 19
3892 73 27
3892 76 56
3892 81 20
3893 95 24
3906 78 62
3906 81 37
3906 83 26
3907 97 35
3921 73 24
3922 95 24
3926 79 52
3926 82 34
3927 48 52
3927 67 55
3960 75 26
3960 78 54
3960 83 28
3961 76 29
3961 81 28
3961 97 28
3962 55 51
3962 89 18
3963 74 24
3970 48 9
3993 48 9
3994 76 57
3995 73 24
3996 95 24
3998 72 58
4002 60 42
4010 48 26
4016 78 29
4018 95 22
4021 78 39
4037 48 14
4062 78 48
4063 97 22
4065 76 9
4072 48 10
4082 76 12
4098 73 31
4098 81 20
4099 76 60
4099 95 28
4102 78 20
4109 79 29
4120 48 39
4124 61 43
4124 69 47
4125 50 54
4125 83 14
4126 95 27
4128 78 29
4129 50 39
4131 49 36
4133 50 37
4139 78 28
4147 95 25
4148 79 30
4149 66 24
4150 57 52
4151 74 62
4153 50 12
4155 78 31
4162 50 13
4170 91 10
4170 95 19
4172 98 13
4174 78 55
4175 97 29
4181 50 13
4199 50 19
4201 93 37
4207 50 23
4246 71 61
4270 74 65
4271 93 38
4286 50 11
4293 76 58
4293 78 34
4293 81 21
4293 95 27
4296 57 17
4298 50 16
4316 71 73
4316 90 37
4318 47 47
4318 66 53
4318 78 56
4318 97 24
4319 59 52
4319 85 11
4324 47 46
4341 54 46
4341 73 31
4341 82 16
4362 75 18
4362 97 29
4363 73 30
4363 81 26
4365 59 52
4368 47 35
4386 79 55
4386 93 9
4387 82 30
4388 47 32
4396 79 53
4399 47 12
4403 47 21
4411 75 23
4411 81 27
4411 95 13
4413 97 25
4417 47 23
4424 79 31
4433 47 16
4439 47 16
4458 79 30
4459 76 49
4460 47 23
4460 66 10
4462 78 30
4466 79 20
4474 78 35
4485 74 34
4485 95 36
4486 71 64
4486 88 32
4487 76 51
4488 66 10
4490 78 16
4492 47 10
4505 76 50
4509 51 43
4509 64 71
4510 80 20
4510 92 23
4511 52 50
4511 86 20
4532 58 45
4532 78 29
4533 68 14
4533 83 36
4534 59 50
4557 92 17
4558 98 10
4583 79 47
4584 86 32
4585 67 54
4693 60 44
4693 67 51
4693 78 43
4693 80 38
4693 82 34
4694 48 53
4694 72 70
4694 91 45
4695 76 17
4695 79 66
4700 48 34
4717 55 53
4717 83 30
4718 89 19
4718 93 9
4719 60 31
4720 74 25
4738 82 39
4740 76 19
4740 78 45
4743 74 21
4748 60 52
4761 76 46
4761 83 38
4761 92 13
4763 64 66
4763 95 16
4764 83 32
4777 48 36
4787 80 36
4788 74 35
4788 82 37
4789 69 30
4789 78 43
4790 86 39
4792 67 56
4793 83 12
4806 48 18
4834 47 20
4835 83 64
4841 61 23
4844 60 40
4851 48 14
4862 74 65
4863 80 47
4863 82 35
4863 93 46
4864 81 55
4865 83 30
4866 67 15
4867 91 13
4869 64 10
4873 48 39
4885 69 45
4886 50 55
4886 78 17
4890 50 38
4891 79 14
4893 50 35
4907 66 26
4907 76 44
4907 83 27
4908 57 59
4908 78 62
4908 85 17
4908 97 29
4915 91 19
4925 50 10
4932 98 13
4945 50 9
4955 67 51
4955 85 40
4955 94 25
4957 66 69
4957 93 31
4965 50 22
5002 83 19
5003 97 29
5010 50 25
5024 69 61
5025 66 14
5025 88 36
5027 75 35
5027 97 31
5029 74 50
5030 50 26
5030 62 36
5030 66 14
5031 57 28
5049 50 15
5051 73 29
5051 76 56
5051 95 26
5056 50 14
5061 66 50
5074 71 30
5075 48 51
5075 59 53
5075 74 51
5075 81 40
5075 85 14
5075 87 17
5075 97 35
5077 47 48
5096 54 47
5096 64 23
5096 69 15
5096 82 28
5097 81 32
5097 86 28
5098 74 73
5098 93 39
5099 66 47
5101 47 39
5118 78 64
5119 81 32
5119 83 32
5120 97 29
5121 59 52
5123 47 33
5140 85 20
5141 62 53
5141 81 37
5142 79 42
5142 97 27
5143 71 43
5144 47 25
5144 59 36
5144 78 65
5144 96 11
5148 59 40
5159 59 31
5160 47 13
5165 93 38
5165 94 28
5165 98 20
5166 67 54
5166 71 30
5166 74 58
5166 85 42
5168 59 34
5168 66 71
5172 54 22
5177 59 31
5184 59 35
5186 62 29
5204 62 17
5208 93 53
5209 76 25
5210 82 33
5210 84 28
5211 68 30
5211 71 54
5211 80 44
5211 81 55
5211 97 14
5212 59 59
5213 87 12
5238 80 44
5239 84 29
5241 48 26
5241 66 11
5262 76 42
5263 52 54
5263 64 68
5263 92 27
5264 80 44
5283 78 55
5283 82 33
5284 68 21
5284 87 9
5284 91 43
5285 59 54
5285 74 58
5285 79 54
5285 93 29
5293 81 20
5332 67 58
5383 81 28
5384 95 25
5388 52 16
5407 66 44
5407 82 34
5407 83 33
5407 92 15
5410 64 67
5414 45 10
5429 84 29
5430 80 44
5430 82 37
5430 93 41
5431 81 55
5432 67 11
5433 59 27
5433 83 79
5453 67 61
5453 73 37
5454 48 56
5454 84 33
5462 48 34
5465 48 39
5475 55 58
5475 73 38
5475 81 26
5475 89 28
5477 74 32
5477 82 35
5477 85 19
5478 93 10
5480 89 24
5481 43 30
5483 47 32
5485 48 25
5497 73 34
5497 78 38
5497 81 19
5499 72 68
5502 61 37
5504 60 50
5509 89 11
5519 64 69
5519 77 44
5519 82 37
5520 92 13
5522 98 10
5545 73 30
5547 77 44
5547 86 36
5551 45 16
5592 82 30
5592 91 48
5593 78 40
5594 83 27
5597 61 28
5600 60 39
5616 74 22
5616 82 34
5617 78 46
5618 83 27
5619 79 51
5620 45 25
5642 50 55
5642 69 46
5642 74 35
5643 61 47
5650 50 37
5663 56 49
5663 70 44
5663 78 56
5663 81 51
5663 84 13
5663 88 40
5664 66 26
5664 76 40
5664 97 29
5665 57 60
5666 48 35
5667 85 10
5669 50 14
5670 91 20
5676 50 14
5702 50 13
5709 67 43
5709 85 35
5709 88 30
5710 76 30
5710 81 42
5710 94 21
5711 50 21
5711 66 63
5715 50 13
5721 50 23
5764 78 12
5780 78 24
5821 66 72
5822 85 31
5823 71 78
5823 80 49
5823 82 35
5823 90 41
5823 93 44
5824 47 52
5824 59 55
5824 81 56
5824 84 29
5824 95 12
5825 75 17
5843 54 51
5843 94 22
5844 80 40
5844 88 20
5845 82 38
5846 81 67
5847 73 24
5849 47 43
5856 85 30
5865 77 10
5866 80 46
5866 84 29
5867 82 31
5868 58 48
5869 48 42
5869 99 11
5870 59 52
5871 47 35
5874 73 9
5889 84 30
5890 62 50
5890 74 52
5890 82 35
5891 48 36
5891 80 43
5891 98 15
5892 59 39
5893 85 9
5895 47 29
5896 59 40
5900 59 40
5907 59 37
5909 47 18
5911 84 31
5912 68 30
5913 47 26
5913 85 42
5914 59 39
5914 94 26
5917 54 29
5920 47 33
5929 59 34
5943 47 18
5949 59 23
5958 81 33
5960 75 28
5960 97 30
5962 59 48
5962 79 41
5976 78 38
5987 74 48
5988 66 21
5988 82 30
5988 91 43
5989 79 55
5990 80 27
5991 46 29
5992 78 45
5993 47 18
5998 79 57
6003 78 35
6003 81 12
6007 62 32
6008 76 49
6009 52 54
6009 59 21
6009 64 71
6009 92 25
6010 71 52
6010 90 10
6030 78 33
6031 83 73
6032 59 56
6033 87 10
6044 93 11
6054 92 17
6075 78 39
6077 82 32
6078 84 30
6079 86 36
6081 67 58
6082 52 33
6125 73 18
6147 71 65
6147 90 36
6151 92 12
6153 78 40
6155 45 25
6156 59 22
6160 52 11
6162 79 44
6173 84 27
6174 81 51
6192 83 74
6197 67 55
6199 60 42
6199 77 16
6200 48 51
6204 48 35
6208 48 30
6220 55 53
6222 48 37
6222 74 36
6222 93 10
6223 64 21
6224 89 19
6231 48 17
6241 81 17
6244 61 24
6244 72 69
6248 60 47
6265 64 68
6289 83 65
6292 77 33
6294 86 29
6295 67 55
6336 78 39
6336 82 29
6336 91 49
6338 72 62
6339 80 44
6340 79 49
6342 61 26
6343 67 20
6345 60 40
6363 78 47
6363 82 35
6365 60 29
6365 64 19
6366 45 28
6366 79 46
6386 69 65
6387 50 49
6387 74 46
6403 78 57
6406 97 29
6408 76 31
6408 79 40
6410 50 20
6410 57 50
6427 91 12
6429 79 42
6431 97 19
6432 62 45
6432 98 12
6440 78 48
6456 67 42
6456 80 46
6456 84 33
6456 94 19
6457 82 29
6457 85 33
6458 48 26
6458 66 61
6459 76 11
6509 81 18
6548 69 67
6549 88 43
6552 57 17
6573 93 44
6575 69 52
6575 81 54
6576 48 46
6576 66 47
6577 84 29
6578 59 48
6578 75 14
6579 80 43
6582 47 43
6598 54 52
6598 82 33
6599 73 31
6599 92 9
6601 70 52
6601 84 32
6602 80 44
6603 69 64
6606 48 33
6608 47 33
6621 59 51
6621 71 53
6622 80 46
6622 84 30
6625 69 55
6629 47 22
6639 47 24
6641 74 51
6642 62 53
6643 84 33
6643 98 15
6644 71 43
6645 80 48
6645 82 32
6645 85 9
6645 88 37
6646 47 38
6646 96 10
6647 69 60
6648 59 34
6648 71 38
6656 46 13
6659 59 31
6660 47 12
6662 93 52
6666 80 46
6666 84 36
6667 94 25
6668 59 39
6668 78 44
6668 85 39
6669 66 67
6670 71 34
6675 59 29
6678 71 23
6682 59 27
6686 62 24
6693 59 24
6706 62 16
6709 80 41
6709 84 66
6711 85 22
6712 71 49
6713 59 53
6713 78 28
6715 69 19
6717 81 46
6720 69 14
6731 66 23
6760 76 48
6761 52 56
6761 64 71
6761 80 24
6761 86 29
6761 90 19
6761 92 29
6763 71 53
6782 83 70
6783 59 49
6783 68 14
6783 78 33
6803 84 18
6806 92 11
6829 79 46
6830 86 31
6831 67 53
6884 69 61
6884 88 31
6885 83 9
6909 83 45
6910 71 71
6910 90 42
6911 52 11
6913 69 35
6926 69 22
6935 74 66
6935 93 39
6937 69 19
6962 60 42
6962 68 46
6962 79 54
6962 81 22
6963 48 53
6963 76 58
6963 95 25
6964 67 65
6965 72 65
6968 48 31
6973 48 26
6976 82 10
6986 48 33
6986 55 56
6986 95 28
6987 74 29
6987 83 22
6987 89 24
6988 60 9
6991 48 34
7011 61 32
7014 60 42
7016 48 45
7030 74 47
7031 62 48
7031 81 28
7032 98 11
7055 62 39
7057 81 21
7058 78 40
7058 95 27
7059 72 60
7060 67 56
7060 79 63
7063 62 41
7071 62 33
7090 62 20
7105 66 44
7105 93 37
7105 98 19
7106 74 71
7107 67 60
7108 48 41
7108 60 43
7130 93 39
7131 66 49
7131 76 23
7133 67 55
7137 48 52
7155 50 58
7155 69 47
7160 49 46
7162 50 49
7171 78 15
7176 66 43
7176 71 67
7176 90 39
7178 57 61
7178 67 63
7178 76 39
7182 67 59
7225 78 44
7225 85 43
7225 94 25
7227 66 71
7273 81 44
7273 88 40
7274 69 70
7284 50 37
7296 90 41
7297 71 71
7297 78 10
7317 91 40
7318 72 71
7323 67 19
7336 66 19
7341 66 41
7341 74 70
7342 78 45
7342 93 43
7342 94 18
7343 85 40
7344 66 67
7345 59 49
7346 47 51
7367 54 53
7367 82 23
7367 88 22
7368 47 41
7368 92 10
7370 85 16
7377 73 32
7390 71 71
7392 59 57
7392 73 16
7395 93 19
7396 47 28
7412 62 52
7413 81 35
7414 98 16
7415 47 42
7416 59 47
7416 96 9
7425 59 45
7435 67 45
7435 85 35
7435 94 18
7437 66 63
7438 93 37
7439 74 58
7482 90 39
7483 58 38
7484 68 12
7484 78 24
7485 59 45
7487 47 31
7504 69 71
7504 74 15
7504 88 41
7511 47 29
7518 66 20
7520 71 79
7530 64 69
7530 90 14
7530 92 26
7531 52 50
7531 80 20
7531 86 22
7549 78 35
7551 59 53
7551 90 43
7552 69 39
7554 52 42
7557 69 29
7561 93 12
7565 69 25
7569 52 35
7578 52 43
7597 79 52
7598 86 37
7600 67 60
7624 90 44
7647 74 67
7647 93 39
7654 52 38
7671 78 41
7671 85 36
7671 94 20
7673 66 67
7694 79 55
7695 69 33
7698 67 67
7699 59 16
7718 60 38
7719 48 44
7719 72 79
7723 48 27
7741 74 35
7742 55 56
7742 78 48
7742 89 23
7742 93 11
7742 95 28
7743 83 23
7744 48 34
7749 48 36
7765 78 47
7769 60 41
7774 48 31
7785 83 43
7786 76 56
7786 82 31
7786 92 20
7787 49 37
7787 78 47
7787 98 17
7788 64 74
7789 47 42
7794 48 47
7810 78 54
7811 69 36
7811 83 34
7811 86 42
7813 67 60
7816 48 39
7832 78 43
7835 84 36
7836 72 57
7837 48 26
7857 72 54
7858 48 39
7860 47 37
7860 67 20
7861 72 50
7862 61 33
7864 60 48
7865 48 32
7880 82 38
7881 78 43
7882 47 29
7882 72 58
7882 79 60
7886 48 23
7887 67 13
7895 48 29
7906 50 50
7906 69 64
7907 74 26
7908 62 55
7925 78 57
7926 75 30
7926 97 31
7927 88 36
7928 74 55
7928 76 37
7929 79 30
7930 57 57
7930 66 17
7932 85 10
7938 91 18
7951 98 19
7953 96 14
7972 67 51
7972 85 39
7972 94 23
7974 66 68
7996 71 59
7997 81 10
8021 74 57
8021 93 33
8028 49 10
8032 50 39
8044 78 47
8045 67 49
8045 85 40
8045 94 23
8047 66 66
8066 79 50
8067 86 37
8068 67 64
8093 51 33
8093 71 69
8094 59 51
8095 48 50
8095 81 9
8096 66 48
8096 85 20
8099 47 47
8115 54 54
8115 78 59
8115 94 23
8116 81 32
8116 88 23
8117 82 24
8117 97 26
8118 73 28
8138 82 23
8139 58 48
8139 75 26
8139 81 30
8139 97 31
8140 48 42
8140 95 13
8140 99 13
8141 59 50
8144 47 37
8148 93 19
8160 62 54
8160 81 38
8161 98 15
8162 71 65
8162 96 11
8163 48 34
8165 47 46
8166 85 9
8184 78 62
8185 85 40
8186 75 33
8186 94 25
8187 66 66
8188 81 16
8205 62 29
8209 62 26
8210 76 57
8210 95 20
8211 54 22
8211 74 26
8214 62 23
8227 62 19
8232 73 29
8232 95 30
8236 59 44
8238 47 31
8249 66 11
8255 76 61
8257 66 28
8257 78 38
8257 80 40
8257 82 33
8258 91 45
8259 79 58
8262 47 37
8280 52 60
8280 64 75
8280 86 25
8280 90 20
8280 92 27
8300 59 56
8300 90 18
8301 95 32
8304 78 28
8313 93 11
8323 79 52
8325 67 30
8325 78 12
8325 98 9
8326 92 9
8350 86 34
8351 67 57
8396 88 40
8397 69 69
8401 52 41
8421 71 70
8421 90 42
8422 92 19
8423 59 31
8423 81 18
8423 98 14
8425 69 44
8445 74 63
8445 93 36
8456 69 31
8469 79 57
8471 67 62
8471 76 61
8471 95 33
8472 48 46
8472 64 42
8480 48 35
8493 55 52
8494 74 26
8494 83 18
8494 89 22
8496 48 31
8514 72 61
8519 60 43
8524 48 12
8530 48 41
8537 74 46
8538 62 47
8538 81 30
8539 98 11
8562 76 68
8562 81 28
8563 83 36
8564 47 41
8564 78 30
8564 92 13
8565 72 26
8565 74 31
8565 98 9
8566 48 44
8566 64 68
8603 77 30
8603 88 22
8608 78 48
8608 91 47
8609 58 17
8609 79 58
8609 82 31
8610 72 60
8611 67 16
8612 47 39
8613 61 32
8614 48 32
8615 60 43
8634 81 26
8634 90 30
8634 97 25
8635 78 52
8636 79 38
8645 48 26
8647 79 30
8649 78 41
8658 50 46
8658 69 58
8658 74 68
8666 49 29
8669 50 43
8680 66 23
8680 93 36
8681 57 57
8682 76 35
8684 85 9
8692 91 14
8694 78 22
8701 62 54
8706 78 23
8706 96 10
8718 78 20
8727 67 49
8727 74 61
8727 78 47
8727 85 40
8728 94 23
8729 66 66
8774 72 63
8775 91 36
8786 50 25
8797 90 42
8798 63 38
8798 71 71
8798 74 49
8798 81 34
8799 50 39
8799 67 22
8799 98 17
8800 62 48
8804 96 9
8819 66 36
8820 72 73
8820 91 42
8823 74 63
8844 76 31
8844 78 45
8844 94 24
8845 85 40
8845 93 40
8846 66 76
8846 72 46
8849 59 55
8850 48 50
8850 81 13
8852 47 51
8865 53 41
8866 82 17
8867 54 48
8867 88 17
8883 85 20
8891 83 28
8892 71 53
8892 74 19
8893 59 57
8896 47 23
8899 93 18
8912 74 62
8913 62 51
8913 81 33
8914 98 14
8916 96 9
8919 47 32
8927 62 46
8931 59 40
8935 72 61
8935 91 31
8936 59 41
8938 62 40
8938 93 42
8941 47 40
8980 62 15
8983 58 47
8983 66 21
8983 78 35
8984 70 50
8984 83 48
8984 90 37
8986 59 50
8986 71 74
8986 99 10
8991 47 27
8993 66 16
8995 93 21
9008 81 37
9008 88 33
9009 66 29
9009 69 63
9014 47 24
9034 64 52
9035 52 51
9035 86 22
9035 92 25
9036 80 21
9036 90 47
9055 80 13
9056 78 34
9056 81 13
9057 59 53
9057 99 15
9060 69 20
9071 69 12
9078 66 33
9079 92 10
9079 93 9
9079 98 11
9080 65 48
9082 64 62
9102 79 47
9103 86 32
9104 67 54
9124 90 39
9148 74 65
9148 93 38
9173 76 13
9173 78 36
9173 85 32
9173 94 16
9174 66 61
9194 69 34
9194 79 65
9195 67 67
9195 86 43
9196 74 11
9197 71 11
9199 52 23
9204 59 14
9224 76 14
9225 48 52
9233 48 36
9244 82 27
9245 84 40
9246 55 57
9246 72 73
9246 74 32
9246 83 33
9246 89 25
9247 49 38
9247 93 10
9250 48 28
9255 48 23
9268 74 34
9269 48 32
9269 61 29
9269 82 33
9270 76 10
9271 60 49
9275 74 12
9278 48 18
9287 83 43
9287 88 29
9288 76 54
9288 92 14
9288 98 14
9290 64 71
9290 82 34
9294 47 37
9296 48 44
9312 82 39
9313 78 50
9314 83 19
9315 79 63
9318 48 44
9337 83 13
9344 48 28
9357 88 13
9358 49 31
9359 78 40
9359 82 31
9360 48 33
9360 79 59
9361 60 55
9363 48 33
9380 82 38
9381 96 24
9384 47 42
9386 48 28
9393 55 10
9402 69 70
9403 50 48
9411 50 40
9417 78 13
9423 49 36
9423 78 52
9423 88 36
9423 97 28
9425 50 39
9425 57 53
9426 76 34
9428 50 45
9444 91 11
9470 85 40
9470 94 25
9471 66 69
9496 71 69
9516 74 66
9517 76 23
9517 93 39
9530 50 39
9541 78 50
9542 85 40
9542 94 25
9543 66 70
9564 79 54
9566 67 68
9586 71 65
9586 81 15
9588 59 51
9588 85 14
9591 47 52
9594 47 52
9594 67 44
9596 66 58
9606 90 50
9608 54 55
9608 75 28
9608 81 25
9608 94 26
9609 88 26
9609 92 14
9609 97 21
9610 73 36
9610 82 25
9611 47 51
9611 79 32
9630 81 34
9630 97 34
9631 59 58
9631 82 21
9632 46 34
9632 71 75
9634 47 43
9635 87 9
9637 73 12
9638 93 19
9645 47 25
9652 74 54
9652 81 35
9653 62 53
9653 96 16
9653 98 17
9658 48 26
9658 59 50
9661 47 43
9665 62 47
9672 59 44
9677 67 44
9677 80 31
9677 82 22
9678 79 46
9678 85 33
9679 66 62
9679 81 30
9683 47 40
9694 62 29
9699 62 27
9700 76 67
9700 81 26
9705 62 25
9706 47 33
9722 58 51
9723 68 24
9723 81 26
9723 95 35
9724 71 54
9724 97 12
9725 59 56
9726 66 19
9727 78 37
9729 93 12
9732 47 33
9750 79 50
9753 66 25
9754 47 29
9756 78 28
9759 79 39
9770 52 60
9770 64 72
9770 92 25
9771 86 22
9792 78 45
9793 68 24
9793 73 39
9795 87 9
9795 90 14
9797 78 31
9805 93 9
9816 79 10
9817 78 14
9817 98 9
9825 79 48
9842 86 35
9844 67 57
9873 52 35
9954 67 25
9954 79 55
9955 72 65
9959 60 43
9977 66 42
9978 86 34
9979 67 56
9981 60 12
10022 95 42
10026 98 51
10032 95 25
10053 98 12
10069 95 47
10080 95 28
10107 67 27
10116 91 61
10139 62 54
10139 74 58
10139 81 38
10140 98 18
10141 47 13
10141 96 13
10160 69 66
10160 88 35
10207 88 63
10210 90 67
10212 50 19
10246 88 13
10257 86 60
10304 83 63
10328 58 46
10328 78 40
10329 68 23
10329 71 53
10330 59 54
10342 93 11
10348 67 39
10349 85 31
10349 94 15
10350 66 59
10375 83 25
10376 71 60
10390 83 63
10397 85 21
10397 86 67
10444 66 23
10444 78 46
10444 82 30
10444 91 42
10445 79 54
10450 86 12
10474 66 32
10493 80 45
10493 84 31
10493 93 43
10494 81 54
10495 82 28
10496 48 20
10512 79 10
10519 71 18
10519 76 52
10519 83 28
10521 64 58
10540 78 38
10540 82 24
10540 91 35
10541 71 63
10541 79 48
10550 81 31
10565 82 30
10565 93 41
10565 95 20
10566 80 40
10567 81 53
10590 83 69
10614 74 59
10615 67 29
10615 81 44
10616 62 60
10616 96 19
10616 98 24
10637 69 66
10637 88 36
10639 91 39
10640 78 41
10640 79 49
10642 45 22
10655 83 14
10682 82 23
10685 86 68
10685 88 19
10686 45 10
10686 83 12
10686 85 23
10708 67 14
10708 72 61
10710 61 29
10713 60 43
10727 79 51
10728 66 43
10730 67 56
10753 72 56
10775 95 46
10778 60 11
10778 98 57
10786 95 24
10799 98 16
10805 98 16
10825 92 17
10825 95 47
10858 67 33
10874 91 59
10898 62 61
10899 72 36
10899 81 42
10899 98 24
10900 47 19
10900 96 18
10919 69 62
10919 88 31
10964 88 48
10967 90 66
11014 86 68
11060 83 70
11063 86 13
11083 71 66
11083 78 34
11084 50 18
11084 59 53
11084 68 16
11092 93 9
11103 67 42
11103 90 40
11104 85 32
11104 94 14
11105 66 60
11151 66 9
11154 85 20
11154 86 65
11199 80 39
11200 66 16
11200 78 45
11200 91 43
11201 79 55
11204 86 10
11220 83 12
11237 66 15
11244 84 29
11244 93 43
11245 80 43
11245 81 53
11246 79 34
11246 82 25
11247 71 11
11249 66 14
11266 79 12
11267 76 57
11267 83 36
11270 64 61
11288 71 54
11288 78 41
11288 91 40
11289 79 50
11301 81 36
11310 73 29
11311 82 43
11311 93 43
11312 80 45
11313 48 30
11313 81 57
11335 83 73
11357 67 29
11357 74 58
11358 62 59
11358 98 23
11359 47 18
11359 96 18
11380 69 68
11380 88 36
11381 82 28
11382 78 39
11382 79 52
11384 83 13
11385 45 20
11397 83 17
11428 86 68
11429 85 21
11430 83 12
11449 48 48
11450 67 56
11451 72 66
11473 48 31
11473 55 52
11473 83 22
11473 95 23
11474 74 27
11474 89 21
11479 48 22
11496 88 12
11499 60 51
11512 86 67
11517 48 18
11519 83 69
11527 48 40
11570 67 11
11570 79 16
11570 86 15
11572 55 16
11616 78 40
11616 91 39
11617 79 49
11618 48 32
11621 48 29
11639 61 41
11639 69 53
11639 74 69
11639 83 9
11640 50 51
11641 62 51
11641 78 15
11646 49 38
11648 50 44
11659 78 18
11661 76 29
11662 57 51
11683 78 9
11684 98 11
11691 79 11
11704 76 52
11705 78 57
11706 95 23
11709 97 30
11754 93 41
11756 76 22
11757 50 26
11770 50 39
11801 71 67
11824 47 50
11824 59 55
11825 66 59
11825 75 12
11825 81 12
11825 85 18
11826 48 57
11830 47 55
11845 94 23
11846 54 53
11846 82 24
11846 88 22
11847 73 29
11847 92 11
11872 59 49
11873 47 42
11876 93 10
11883 93 39
11892 71 49
11894 74 65
11897 47 46
11938 79 52
11939 69 32
11941 67 62
11943 54 20
11983 74 23
11984 69 68
11984 88 37
11987 47 33
12006 71 24
12008 64 53
12008 92 25
12009 52 53
12009 80 23
12009 86 38
12009 90 12
12012 71 28
12028 59 54
12029 79 53
12030 67 60
12030 83 29
12031 64 72
12031 90 10
12043 52 29
12044 93 25
12052 81 42
12053 69 69
12053 92 12
12056 67 40
12058 52 57
12061 67 34
12062 86 19
12075 71 72
12075 90 45
12079 69 45
12086 67 19
12099 69 58
12100 74 65
12101 51 65
12101 78 22
12101 84 12
12102 62 47
12106 51 51
12110 51 45
12115 51 40
12119 51 30
12121 52 30
12121 76 38
12122 57 58
12122 79 55
12123 66 50
12124 50 29
12124 71 33
12124 85 10
12125 67 62
12126 62 32
12134 83 9
12141 52 29
12144 52 31
12145 71 25
12147 67 46
12148 62 43
12149 52 32
12155 52 42
12159 71 13
12170 67 62
12171 93 40
12175 71 15
12176 76 12
12178 51 35
12183 51 37
12188 51 34
12196 48 55
12196 76 13
12197 72 61
12203 47 36
12205 48 43
12215 95 24
12216 55 54
12216 83 21
12216 89 22
12221 93 10
12222 48 23
12230 48 20
12245 60 42
12246 48 47
12246 74 17
12250 74 12
12255 74 10
12259 83 69
12262 74 13
12263 86 67
12263 88 20
12264 76 10
12264 85 19
12311 86 17
12357 78 45
12357 82 32
12357 91 43
12358 79 54
12364 48 23
12373 48 20
12379 69 55
12380 62 51
12380 74 52
12381 50 45
12387 49 36
12390 50 42
12401 76 51
12401 78 15
12402 57 55
12422 79 17
12423 98 15
12425 96 9
12444 78 23
12445 95 24
12448 78 55
12448 97 27
12495 93 40
12496 74 66
12511 62 18
12512 50 40
12543 71 68
12544 90 39
12567 49 52
12568 66 60
12568 81 14
12568 85 18
12569 59 54
12569 75 11
12570 47 52
12575 47 52
12587 94 22
12588 54 52
12588 82 23
12588 88 22
12589 73 27
12589 92 11
12590 47 44
12610 58 47
12612 59 52
12612 73 12
12617 93 12
12621 47 25
12625 93 36
12633 85 12
12634 74 62
12641 47 38
12680 79 54
12682 47 39
12683 67 63
12683 71 26
12684 54 18
12723 69 70
12723 74 22
12723 88 38
12726 59 24
12730 47 28
12747 64 49
12747 86 37
12747 92 23
12748 52 56
12748 80 20
12750 59 11
12752 71 26
12767 79 50
12770 59 52
12770 64 70
12770 67 59
12770 83 49
12771 90 12
12789 81 42
12789 88 48
12790 69 71
12793 52 34
12796 52 30
12796 67 40
12801 71 75
12803 86 11
12814 90 41
12815 99 9
12816 81 19
12817 52 44
12817 69 46
12824 69 45
12839 74 30
12840 62 39
12841 78 15
12844 50 42
12847 50 40
12859 81 44
12859 88 44
12860 69 70
12861 57 59
12861 76 36
12862 66 22
12863 71 29
12864 85 11
12865 50 41
12866 91 19
12883 62 55
12885 71 72
12885 74 71
12885 90 44
12885 98 19
12886 81 34
12886 96 11
12908 93 42
12914 76 12
12932 79 60
12933 60 49
12933 76 64
12933 95 35
12934 48 53
12935 67 69
12935 82 21
12940 72 64
12945 48 28
12957 55 57
12957 83 23
12957 89 26
12958 74 28
12958 93 13
12960 48 36
12979 48 41
12981 60 45
12986 74 11
12987 95 12
13000 74 73
13001 81 32
13001 98 14
13002 62 52
13013 62 47
13021 62 42
13027 76 58
13027 83 35
13028 81 26
13028 92 16
13029 68 40
13030 64 69
13030 72 25
13031 48 41
13055 72 22
13076 93 39
13077 67 57
13077 72 47
13079 48 30
13099 77 16
13100 72 33
13101 66 53
13101 69 36
13101 76 21
13103 48 27
13103 64 39
13104 67 58
13106 72 28
13110 48 25
13110 72 26
13114 72 25
13124 62 47
13124 69 60
13125 50 51
13130 49 34
13132 50 40
13133 67 31
13139 78 9
13144 49 29
13145 90 43
13146 71 72
13147 57 61
13147 76 38
13148 67 60
13149 85 11
13150 50 44
13167 61 30
13167 81 32
13169 62 51
13171 96 12
13187 67 27
13192 67 60
13192 78 51
13192 90 51
13193 94 27
13194 85 43
13195 66 72
13195 76 16
13241 69 70
13241 88 40
13245 71 32
13250 71 30
13258 71 25
13259 78 14
13263 63 31
13263 71 72
13263 90 42
13265 62 51
13265 95 19
13265 98 17
13268 96 10
13269 50 43
13273 78 11
13286 91 42
13287 72 73
13296 67 20
13308 67 42
13309 78 48
13310 76 32
13310 85 44
13310 93 43
13310 94 27
13311 66 70
13311 74 68
13312 59 53
13312 72 41
13313 47 48
13315 72 36
13318 47 48
13331 82 21
13331 88 22
13332 54 51
13333 47 47
13346 73 27
13354 71 69
13356 59 51
13356 73 13
13359 47 47
13365 93 14
13374 93 19
13375 74 72
13376 62 48
13376 81 31
13377 98 11
13401 93 43
13404 67 37
13405 62 37
13405 85 36
13405 94 16
13406 66 62
13409 54 27
13416 62 29
13425 62 22
13436 62 14
13447 99 16
13449 59 57
13462 93 28
13469 69 72
13469 88 41
13471 48 31
13472 71 75
13475 47 32
13476 74 10
13493 64 73
13494 86 23
13494 92 26
13495 52 52
13495 80 22
13514 78 34
13514 90 45
13515 99 19
13518 69 37
13520 52 49
13523 69 28
13529 69 24
13530 93 13
13539 71 63
13539 99 10
13561 79 47
13562 86 33
13563 67 55
13586 90 40
13587 71 66
13607 74 67
13608 93 40
13633 78 46
13633 85 41
13633 94 25
13634 66 69
13655 79 58
13658 59 34
13658 67 70
13659 52 25
13669 90 12
13679 48 48
13679 72 63
13684 67 59
13700 82 39
13700 91 61
13702 78 48
13703 44 21
13703 83 30
13703 89 25
13704 55 56
13704 93 11
13705 74 32
13710 76 9
13715 48 26
13723 78 47
13723 82 30
13724 72 81
13725 61 26
13725 100 10
13726 47 29
13728 60 51
13729 48 27
13736 48 39
13746 76 51
13746 78 51
13746 82 38
13747 92 24
13747 95 20
13748 83 38
13748 98 14
13749 64 72
13750 79 69
13751 48 45
13769 78 38
13769 84 42
13770 72 68
13770 82 40
13770 86 37
13771 67 59
13771 83 28
13790 82 28
13791 80 40
13792 78 48
13793 79 62
13796 48 30
13801 48 35
13814 75 27
13814 82 36
13819 60 45
13821 48 32
13836 83 29
13837 80 39
13839 55 17
13839 79 60
13840 67 19
13841 48 31
13854 79 34
13857 48 40
13861 69 73
13862 50 52
13864 51 36
13864 78 17
13866 50 37
13869 50 14
13879 78 48
13881 82 15
13881 88 38
13881 97 24
13883 74 64
13883 76 39
13883 79 31
13884 66 24
13885 57 59
13886 62 28
13887 50 44
13889 85 9
13890 97 10
13893 91 19
13908 72 29
13908 98 20
13909 62 55
13909 76 25
13910 96 14
13929 67 52
13929 85 41
13929 94 25
13931 66 69
13954 71 69
13977 93 35
13978 50 16
13991 78 10
13998 78 41
13999 50 34
13999 85 34
13999 94 18
14000 66 64
14026 79 50
14027 67 63
14049 59 50
14049 85 14
14051 47 49
14051 66 68
14052 75 10
14069 82 36
14069 90 59
14070 54 54
14070 71 77
14070 74 33
14070 78 69
14070 81 30
14070 88 23
14071 47 43
14071 75 28
14071 97 33
14072 73 31
14074 92 9
14077 47 37
14092 59 58
14092 81 38
14093 75 31
14093 97 27
14097 73 14
14100 93 16
14104 47 22
14114 85 20
14115 62 47
14115 74 47
14115 81 38
14118 98 10
14121 47 38
14128 62 43
14138 85 40
14138 94 20
14139 75 35
14139 81 31
14141 62 40
14141 71 65
14144 47 39
14159 62 27
14161 81 25
14162 76 61
14165 54 21
14168 59 58
14172 62 19
14184 81 31
14184 84 20
14184 95 33
14188 66 25
14188 78 33
14189 87 9
14190 47 25
14196 93 11
14203 66 9
14208 73 21
14208 78 47
14208 91 46
14209 82 37
14210 79 58
14218 47 22
14229 52 56
14229 92 27
14230 86 24
14250 76 62
14251 81 20
14252 78 33
14252 95 33
14253 58 47
14253 68 23
14255 59 50
14255 78 33
14274 93 10
14275 79 49
14275 92 20
14276 65 56
14279 64 71
14300 86 34
14301 67 56
14346 81 43
14347 69 70
14370 71 70
14371 90 40
14373 92 16
14375 98 9
14388 69 32
14394 74 67
14403 59 28
14415 69 33
14417 79 57
14418 48 49
14418 52 38
14418 95 34
14420 67 57
14420 72 61
14420 74 41
14423 48 38
14428 48 27
14442 55 55
14442 83 23
14442 95 28
14443 74 26
14443 89 23
14445 48 33
14448 48 41
14456 60 47
14487 62 34
14487 74 44
14488 81 26
14490 62 44
14511 76 66
14511 81 21
14511 83 31
14512 79 33
14512 95 37
14514 64 65
14515 74 22
14518 48 40
14554 79 60
14559 82 33
14563 67 9
14563 72 59
14564 61 34
14567 60 40
14570 48 28
14586 78 59
14586 81 33
14586 97 34
14588 48 29
14589 79 39
14593 48 41
14608 50 55
14608 69 53
14608 74 62
14611 62 49
14612 50 42
14631 66 23
14631 85 13
14631 93 40
14632 49 33
14632 57 57
14632 76 32
14634 51 32
14636 50 43
14644 91 17
14654 98 16
14678 67 52
14678 85 43
14678 93 35
14678 94 26
14680 66 70
14683 76 13
14722 72 66
14722 91 39
14736 50 13
14736 62 56
14745 81 36
14746 96 11
14746 98 17
14747 71 68
14747 90 42
14750 50 39
14762 66 16
14768 72 72
14768 91 40
14769 74 65
14790 67 43
14790 78 44
14791 85 38
14791 94 26
14792 66 72
14792 93 42
14793 76 14
14795 59 56
14795 81 14
14796 47 52
14797 72 36
14804 81 11
14815 82 24
14815 88 23
14816 54 53
14816 71 75
14816 92 11
14838 73 26
14853 93 13
14860 74 73
14860 85 42
14860 94 17
14862 62 47
14862 81 28
14862 93 28
14883 94 31
14884 76 25
14885 93 40
14898 59 61
14902 62 26
14911 54 18
14911 62 21
14924 62 12
14929 85 43
14929 94 24
14930 67 51
14932 66 65
14932 87 13
14932 99 16
14937 47 30
14939 93 28
14955 81 43
14955 88 41
14956 69 70
14957 74 18
14961 47 29
14966 47 27
14981 76 38
14982 52 55
14982 64 71
14982 80 20
14982 86 21
14982 92 25
14996 71 80
15000 78 39
15001 74 27
15001 90 45
15006 69 30
15009 69 29
15009 93 14
15015 69 23
15025 92 18
15026 98 11
15028 69 13
15048 79 46
15050 86 32
15051 67 53
15099 81 39
15099 88 38
15100 69 64
15111 76 73
15120 71 69
15121 92 21
15121 98 16
15122 90 41
15123 69 36
15124 64 73
15126 69 39
15131 69 32
15139 69 26
15144 74 65
15144 93 39
15146 69 24
15166 79 64
15167 60 41
15167 95 38
15168 48 48
15168 67 64
15169 64 37
15171 52 39
15176 52 21
15181 52 16
15187 55 54
15188 66 57
15188 73 18
15188 89 24
15189 70 19
15189 83 21
15189 93 11
15190 74 31
15191 67 61
15194 89 20
15197 48 33
15208 95 39
15209 83 26
15210 72 70
15211 49 30
15212 61 39
15213 67 67
15214 47 33
15214 60 55
15218 48 29
15232 95 40
15233 70 33
15234 66 48
15234 74 48
15234 81 31
15235 62 45
15236 67 62
15239 48 43
15240 62 46
15246 62 48
15251 62 44
15257 81 23
15257 83 39
15259 64 71
15259 92 11
15260 74 32
15280 73 29
15281 77 42
15282 74 22
15282 88 26
15283 72 20
15286 48 33
15290 48 23
15294 60 26
15299 60 28
15304 73 30
15304 81 21
15305 55 14
15305 72 60
15305 83 19
15305 86 35
15306 66 48
15308 67 50
15309 48 34
15310 60 48
15313 83 9
15329 95 31
15337 48 29
15352 69 44
15352 74 67
15353 50 51
15354 78 14
15360 78 9
15362 50 19
15370 78 51
15371 50 23
15373 67 49
15374 85 37
15374 94 23
15375 66 72
15375 93 44
15377 57 60
15377 76 44
15377 81 28
15379 50 44
15384 91 20
15398 98 19
15399 62 51
15402 96 12
15421 85 29
15421 94 17
15446 71 70
15446 90 42
15465 50 16
15469 86 35
15469 93 38
15470 74 63
15476 62 17
15477 66 23
15487 50 18
15492 67 41
15493 78 24
15493 85 38
15493 90 32
15493 94 23
15494 59 58
15494 66 66
15494 87 12
15496 93 15
15498 50 39
15514 79 53
15516 68 48
15518 67 67
15541 48 47
15545 47 43
15545 67 45
15547 66 30
15548 47 45
15549 67 40
15551 66 52
15563 78 57
15564 54 55
15564 82 36
15564 88 28
15565 92 14
15566 71 74
15566 73 34
15567 81 25
15567 97 30
15569 79 33
15570 47 38
15587 76 24
15587 85 16
15588 81 33
15588 87 11
15588 97 35
15590 59 50
15590 73 12
15591 48 30
15594 47 42
15600 93 15
15608 75 40
15608 85 18
15609 81 40
15609 86 15
15610 62 52
15610 74 52
15610 98 16
15620 78 71
15632 85 42
15634 59 58
15634 67 45
15634 94 24
15636 66 64
15645 62 38
15654 76 62
15654 81 25
15656 62 22
15656 74 31
15658 46 21
15661 47 23
15663 62 20
15667 62 17
15679 79 28
15679 81 28
15679 95 28
15680 90 19
15681 48 31
15682 87 9
15683 78 26
15688 47 29
15694 93 11
15696 66 12
15701 81 18
15703 78 48
15706 80 38
15706 82 31
15707 91 43
15708 79 56
15709 47 34
15710 66 14
15726 64 74
15726 92 23
15727 52 50
15727 86 21
15731 90 17
15748 58 45
15748 73 29
15748 81 21
15748 95 34
15749 90 16
15750 59 51
15750 68 15
15751 52 44
15752 78 28
15764 93 9
15765 52 46
15772 92 17
15773 79 49
15773 98 14
15795 86 33
15797 67 54
15867 86 69
15869 83 12
15912 83 66
15913 82 23
15915 66 44
15915 74 26
15915 79 44
15915 88 68
15916 72 39
15917 67 52
15917 86 31
15920 60 38
15962 85 26
15962 86 70
15982 79 13
15984 83 71
16012 86 13
16031 82 41
16032 80 47
16032 93 44
16033 81 57
16034 48 22
16080 83 31
16083 88 68
16088 81 22
16106 62 56
16106 69 63
16106 74 72
16106 83 10
16106 93 38
16108 96 14
16128 85 19
16150 85 20
16172 83 72
16202 86 21
16219 80 44
16219 84 28
16219 93 42
16220 81 52
16222 48 18
16232 86 12
16248 83 10
16263 83 57
16269 81 17
16269 88 65
16290 67 43
16290 78 50
16291 71 71
16291 74 17
16291 85 37
16291 94 19
16292 59 50
16292 66 63
16308 88 18
16313 86 66
16337 85 18
16391 86 17
16403 80 43
16403 84 30
16403 93 46
16404 81 63
16406 48 19
16407 83 31
16427 84 30
16429 80 44
16430 48 19
16430 83 21
16447 83 14
16450 84 30
16452 80 43
16452 83 28
16453 48 21
16473 71 64
16473 76 60
16473 90 35
16474 63 35
16476 64 58
16497 83 69
16505 81 20
16589 80 46
16589 84 31
16589 93 46
16590 81 58
16612 83 72
16634 86 65
16635 85 21
16642 81 24
16658 66 43
16658 72 75
16658 79 55
16659 77 10
16659 88 69
16661 61 29
16661 67 53
16662 86 23
16664 60 35
16704 86 68
16705 85 22
16708 88 11
16724 83 70
16749 79 15
16755 86 14
16772 80 48
16772 82 34
16772 84 30
16772 93 46
16773 81 57
16815 83 61
16820 88 67
16829 81 46
16843 69 60
16845 74 41
16846 62 53
16847 47 26
16848 96 12
16866 86 68
16867 85 22
16868 88 27
16890 85 18
16911 83 70
16911 88 11
16941 86 22
16956 69 19
16956 80 44
16956 81 57
16958 48 20
16980 82 30
16981 83 63
17000 86 17
17004 88 66
17025 67 46
17025 78 47
17026 71 49
17026 85 32
17026 94 17
17027 59 49
17027 66 61
17043 88 24
17048 86 70
17049 85 31
17094 83 69
17117 84 29
17122 86 22
17139 80 46
17139 84 31
17139 93 45
17140 81 56
17142 48 20
17142 83 36
17143 59 18
17143 66 15
17151 86 14
17161 80 44
17161 84 32
17162 82 41
17163 83 45
17164 81 57
17166 66 33
17175 59 14
17185 86 66
17186 85 20
17207 76 45
17208 59 13
17208 71 58
17208 88 65
17208 90 29
17208 92 10
17210 64 64
17211 81 14
17233 86 16
17236 48 17
17272 88 54
17279 90 70
17327 91 67
17371 88 66
17395 48 55
17395 67 48
17396 72 65
17396 76 17
17396 82 9
17404 48 41
17417 55 57
17417 83 22
17417 89 26
17417 95 27
17418 67 58
17418 74 30
17418 93 11
17420 48 33
17420 76 12
17420 88 16
17427 48 21
17442 48 51
17443 74 13
17454 89 9
17460 74 55
17460 81 38
17461 62 58
17461 98 21
17462 96 14
17482 76 71
17482 83 40
17483 92 18
17484 65 55
17484 98 14
17486 64 74
17502 79 66
17502 81 29
17503 95 41
17504 70 21
17504 83 25
17505 67 62
17527 89 23
17528 55 56
17528 70 30
17529 64 49
17529 67 69
17529 93 9
17530 48 38
17533 48 38
17542 83 16
17549 81 29
17552 86 50
17553 74 24
17554 48 34
17554 64 38
17558 60 16
17560 48 33
17560 64 38
17563 83 9
17572 83 19
17573 81 26
17573 95 35
17574 66 50
17574 69 45
17574 74 73
17575 50 53
17576 62 58
17578 69 45
17580 49 30
17582 50 31
17585 69 55
17592 57 58
17594 50 39
17594 66 36
17594 76 48
17594 93 42
17597 67 66
17600 50 46
17601 81 37
17617 93 42
17619 96 11
17621 67 71
17640 85 14
17644 67 60
17651 81 14
17665 66 43
17666 68 47
17666 74 67
17666 76 33
17667 67 64
17669 62 31
17670 50 37
17686 72 69
17690 50 26
17711 90 40
17712 71 70
17716 50 41
17726 74 31
17732 67 51
17732 72 70
17733 74 26
17741 74 12
17754 74 69
17754 78 42
17755 85 43
17755 93 44
17755 94 21
17756 47 60
17756 81 17
17757 66 53
17758 59 60
17758 72 47
17762 87 9
17764 81 13
17777 54 55
17777 65 35
17777 82 25
17777 94 25
17778 59 59
17778 88 25
17778 92 12
17780 47 51
17780 66 67
17801 83 27
17801 85 9
17802 87 10
17803 97 13
17805 73 15
17805 93 20
17823 62 56
17823 81 37
17824 98 18
17825 96 13
17826 47 27
17829 59 40
17831 47 21
17832 59 40
17837 47 37
17851 59 40
17860 59 40
17873 62 27
17882 62 23
17889 62 22
17892 85 38
17892 94 21
17893 58 53
17893 71 54
17895 46 29
17895 59 57
17895 74 12
17897 47 39
17906 93 14
17939 76 51
17940 52 59
17940 64 72
17940 80 21
17940 86 24
17940 92 26
17959 80 21
17960 69 70
17961 78 36
17961 83 49
17963 71 58
17984 69 67
17985 92 18
17987 71 78
18006 90 47
18011 69 41
18020 69 26
18024 69 25
18034 81 11
18036 99 9
18039 69 17
18052 74 69
18052 93 41
18076 68 40
18076 78 51
18078 52 39
18078 85 41
18078 94 24
18080 66 69
18089 93 14
18099 79 53
18101 67 68
18123 48 51
18124 72 35
18127 71 32
18129 76 12
18132 72 61
18143 82 18
18143 88 65
18145 83 21
18145 95 26
18146 55 54
18146 74 26
18152 89 21
18153 48 34
18163 89 12
18169 61 27
18171 74 10
18172 60 38
18188 76 50
18188 83 37
18189 92 18
18190 98 12
18191 64 70
18193 48 47
18211 69 31
18212 86 67
18213 67 54
18233 90 68
18236 83 11
18258 72 66
18259 85 21
18261 56 11
18261 61 35
18262 48 34
18263 60 52
18280 88 30
18282 85 24
18288 48 31
18301 88 14
18305 62 45
18305 69 77
18305 74 53
18306 50 58
18306 78 17
18307 79 12
18311 49 43
18316 50 28
18325 55 35
18325 88 48
18327 47 34
18327 76 36
18328 57 60
18328 78 13
18329 48 33
18329 85 10
18332 50 46
18332 91 19
18348 98 17
18349 76 22
18350 96 11
18368 78 41
18369 71 77
18369 85 34
18369 90 47
18369 94 19
18370 66 62
18395 74 68
18410 81 19
18416 76 26
18416 93 40
18418 50 21
18423 50 13
18436 78 43
18436 81 15
18438 87 11
18439 59 61
18440 85 39
18440 94 23
18441 66 67
18444 93 20
18446 69 25
18449 50 32
18450 69 29
18455 69 41
18459 79 58
18462 67 71
18465 50 31
18483 78 63
18483 81 43
18483 85 31
18484 48 56
18484 87 12
18484 97 34
18485 86 13
18486 47 55
18486 59 59
18486 75 34
18488 66 40
18489 67 49
18492 66 40
18496 66 55
18507 54 51
18507 82 21
18507 88 20
18508 73 25
18528 97 31
18529 73 18
18532 93 11
18540 93 18
18546 75 23
18547 81 36
18549 63 39
18549 74 53
18551 62 53
18551 91 43
18551 98 17
18552 79 49
18552 96 11
18554 59 46
18557 47 43
18574 67 46
18574 79 62
18574 81 33
18574 85 39
18575 94 22
18576 66 65
18580 47 41
18588 79 35
18595 62 28
18606 62 21
18617 62 16
18622 73 31
18622 76 58
18622 95 28
18623 71 51
18624 47 30
18624 62 15
18624 66 27
18624 74 28
18643 79 55
18644 73 19
18647 78 46
18647 82 35
18654 47 28
18656 66 12
18671 52 57
18671 86 27
18671 90 16
18671 92 29
18691 73 33
18691 81 24
18691 95 26
18692 83 27
18693 59 54
18693 68 17
18694 78 39
18713 79 39
18713 93 11
18714 65 36
18714 86 9
18715 92 10
18716 98 12
18717 64 72
18723 78 9
18726 92 9
18733 78 24
18737 86 30
18738 67 51
18871 64 13
18917 52 12
18992 69 72
18992 88 43
18999 52 10
19017 71 72
19017 90 44
19019 69 43
19024 69 36
19040 74 66
19065 60 48
19066 48 54
19066 76 65
19066 79 52
19066 81 31
19066 95 35
19067 74 39
19067 83 20
19068 67 68
19068 82 21
19073 47 35
19075 48 34
19088 55 59
19088 83 26
19089 74 34
19089 89 28
19089 93 13
19091 48 37
19113 72 66
19114 61 32
19114 95 14
19115 48 26
19117 60 42
19120 48 17
19124 89 9
19125 48 44
19135 74 64
19135 81 34
19135 98 16
19136 62 50
19139 62 51
19139 96 9
19143 88 12
19159 76 32
19160 83 35
19160 92 14
19160 95 39
19161 66 57
19161 77 43
19163 47 37
19163 64 72
19163 67 61
19165 48 43
19206 93 35
19208 72 57
19230 93 40
19235 67 56
19243 48 28
19258 50 54
19258 61 46
19259 69 47
19262 50 41
19262 78 19
19265 67 31
19269 50 19
19276 67 31
19278 76 40
19279 57 63
19279 83 41
19279 90 42
19280 66 28
19280 71 69
19281 85 14
19285 50 44
19302 63 33
19302 67 28
19303 98 15
19304 62 51
19306 96 12
19326 67 48
19326 71 67
19326 78 44
19326 85 38
19326 94 20
19328 66 66
19369 69 72
19372 88 39
19384 50 28
19396 71 68
19399 78 48
19400 50 29
19400 99 16
19402 59 60
19404 50 39
19416 66 11
19420 91 42
19421 72 74
19432 66 29
19435 69 14
19442 72 50
19445 67 55
19445 72 42
19445 85 47
19445 93 45
19445 94 29
19446 74 70
19447 48 55
19447 66 69
19447 81 18
19449 47 53
19449 72 37
19457 71 73
19459 81 11
19467 82 24
19468 54 53
19468 88 23
19468 92 10
19470 47 49
19479 73 33
19491 59 55
19491 75 11
19492 81 9
19493 48 38
19494 73 14
19495 47 44
19496 93 9
19504 93 16
19512 93 17
19514 62 52
19514 74 73
19514 81 35
19515 98 16
19518 96 9
19533 85 33
19534 66 58
19534 94 15
19537 93 44
19543 62 40
19554 62 32
19563 62 24
19583 62 14
19584 90 44
19586 47 32
19606 69 72
19607 66 19
19607 88 41
19609 71 50
19611 48 29
19613 47 31
19632 64 55
19633 52 54
19633 92 28
19634 80 23
19634 90 12
19652 59 54
19652 78 33
19653 71 80
19654 81 23
19655 90 49
19656 99 12
19660 69 28
19666 93 11
19671 69 19
19677 81 22
19678 92 9
19679 78 14
19681 64 62
19700 68 36
19700 79 52
19701 86 38
19702 67 60
19723 90 46
19746 74 65
19747 93 38
19769 78 42
19770 85 37
19770 94 21
19772 66 65
19790 69 38
19791 79 59
19792 67 72
19794 71 23
19795 52 32
19795 95 9
19796 59 15
19819 60 48
19820 48 54
19820 72 70
19820 76 17
19824 48 40
19839 82 33
19841 95 27
19842 55 57
19842 76 14
19842 83 26
19842 89 28
19843 93 11
19846 48 20
19848 74 42
19855 48 17
19859 48 26
19861 78 41
19861 82 38
19862 84 42
19863 72 74
19864 78 40
19865 47 37
19866 79 73
19867 48 26
19867 60 46
19871 48 41
19877 89 10
19884 76 47
19885 70 29
19885 74 35
19885 83 41
19885 92 18
19886 82 31
19887 64 65
19910 70 34
19910 80 39
19910 86 42
19911 67 65
19912 64 72
19913 83 24
19913 92 12
19914 48 46
19918 48 44
19932 82 24
19933 74 29
19933 83 17
19934 78 40
19935 72 76
19945 48 31
19957 82 36
19958 49 30
19960 47 38
19960 60 54
19966 48 40
19981 82 31
19982 78 49
19982 100 11
19988 48 41
20007 69 73
20007 74 64
20008 50 50
20010 51 36
20012 50 35
20025 88 42
20026 78 54
20027 97 28
20028 57 53
20029 76 29
20030 50 35
20032 51 29
20034 50 45
20043 91 10
20050 62 55
20051 67 22
20052 76 17
20052 98 18
20055 96 13
20073 67 49
20073 85 38
20073 94 23
20075 66 67
20097 71 70
20112 50 22
20119 93 36
20129 50 35
20140 78 38
20142 59 60
20142 85 41
20142 87 11
20142 94 25
20143 51 32
20144 66 68
20144 93 16
20145 50 33
20162 69 36
20163 79 55
20166 67 69
20189 47 54
20189 85 21
20190 75 11
20192 66 41
20195 66 43
20208 82 17
20208 90 40
20209 71 62
20209 73 29
20209 81 34
20210 65 36
20210 78 72
20210 97 27
20211 54 55
20211 88 25
20211 94 25
20212 66 69
20212 82 28
20212 92 12
20213 47 46
20214 75 14
20232 81 39
20232 97 31
20233 82 30
20234 59 53
20234 71 71
20234 73 34
20237 47 42
20240 93 11
20243 73 10
20248 93 14
20255 75 40
20255 81 36
20256 62 51
20256 97 36
20257 74 54
20257 85 12
20257 98 16
20260 48 31
20260 96 9
20262 47 44
20279 80 32
20279 85 43
20279 94 25
20281 81 31
20287 59 64
20296 62 32
20302 76 60
20302 81 28
20304 54 30
20304 71 64
20304 74 31
20305 62 25
20307 46 33
20309 47 33
20316 62 18
20329 73 32
20329 87 13
20330 66 29
20330 79 35
20330 88 34
20331 74 22
20331 76 55
20332 78 52
20333 47 37
20333 97 14
20335 93 16
20345 76 59
20354 80 41
20354 82 34
20355 91 45
20356 79 55
20360 78 37
20364 79 44
20374 78 30
20376 64 57
20376 92 28
20377 52 59
20377 86 26
20397 68 27
20397 73 32
20397 95 33
20399 78 38
20409 93 12
20420 79 59
20422 90 9
20422 92 14
20424 64 65
20437 78 13
20445 69 36
20445 86 42
20447 67 64
20484 83 11
20496 69 73
20519 71 71
20520 90 43
20523 69 43
20545 74 70
20545 93 43
20554 67 13
20568 69 26
20568 76 66
20568 79 58
20569 66 46
20569 81 31
20569 86 44
20569 95 34
20570 60 49
20570 74 43
20571 48 45
20571 72 60
20571 82 23
20572 64 22
20572 67 59
20572 70 11
20575 48 36
20580 48 37
20583 64 10
20593 55 53
20594 74 26
20594 83 18
20594 89 23
20594 93 11
20595 59 17
20596 48 28
20603 60 44
20619 48 18
20624 48 50
20637 74 55
20638 62 57
20638 81 39
20638 98 20
20639 88 10
20639 96 15
20645 76 14
20663 78 31
20663 83 43
20663 88 43
20664 66 47
20664 76 64
20664 92 16
20664 98 12
20665 72 35
20665 79 30
20666 64 73
20666 77 38
20668 48 44
20708 72 63
20708 91 46
20709 68 34
20709 78 56
20709 80 41
20711 67 57
20712 48 39
20712 61 36
20715 60 45
20719 48 34
20732 83 26
20733 78 57
20733 81 34
20733 97 31
20734 91 19
20757 69 57
20758 50 55
20758 74 73
20761 50 44
20762 62 55
20777 84 10
20777 93 47
20778 85 17
20780 57 62
20780 66 30
20780 76 35
20780 102 11
20784 50 44
20787 91 19
20803 71 17
20803 96 10
20824 67 51
20824 85 43
20824 93 42
20824 94 24
20826 66 68
20827 76 16
20829 50 36
20871 72 68
20871 91 41
20873 50 28
20894 66 21
20894 78 36
20894 82 21
20894 90 46
20895 44 14
20895 68 19
20895 71 60
20895 99 16
20896 59 59
20898 69 21
20899 50 40
20903 69 11
20903 93 15
20909 66 17
20917 59 48
20917 84 41
20917 91 41
20918 72 71
20920 59 61
20934 72 56
20935 71 73
20936 78 49
20941 72 37
20942 67 34
20942 76 26
20943 74 68
20943 81 18
20943 93 45
20943 94 27
20944 85 47
20945 47 57
20945 66 66
20964 82 23
20964 88 25
20965 54 53
20965 73 43
20965 92 14
20966 46 37
20967 74 69
20967 93 47
20967 94 29
20970 47 39
20986 47 32
20986 59 59
20988 67 39
20988 78 52
20990 66 71
20990 74 78
20990 87 11
20993 47 21
21008 62 55
21008 81 38
21010 96 12
21011 59 48
21011 85 44
21012 77 32
21013 94 29
21017 66 55
21018 59 48
21019 47 38
21027 59 42
21031 76 26
21034 59 40
21034 81 14
21035 67 34
21036 62 41
21037 66 59
21076 62 18
21080 90 39
21083 47 23
21083 59 57
21089 87 11
21091 47 37
21093 93 23
21105 81 43
21105 88 41
21106 69 71
21116 47 28
21130 76 50
21130 92 27
21131 52 55
21131 64 55
21131 80 23
21138 71 78
21150 58 54
21150 78 37
21150 90 47
21151 69 35
21151 99 16
21153 59 54
21159 69 29
21163 93 13
21172 69 16
21176 65 53
21177 69 19
21178 64 75
21198 79 58
21198 86 44
21200 67 65
21243 69 72
21244 88 40
21245 52 31
21249 52 35
21268 83 33
21268 92 20
21268 98 16
21269 71 70
21269 90 42
21270 52 35
21271 69 44
21275 45 18
21288 69 34
21290 74 68
21298 52 27
21305 67 9
21307 69 21
21309 67 14
21313 69 42
21313 79 66
21314 48 55
21314 95 39
21315 67 69
21318 64 43
21333 55 57
21334 66 49
21334 83 25
21334 89 25
21334 93 14
21335 64 31
21336 48 49
21337 67 62
21354 95 28
21358 72 56
21359 66 47
21360 48 45
21361 67 68
21363 48 49
21370 89 9
21379 74 52
21379 81 37
21379 95 28
21380 62 55
21383 96 12
21402 76 67
21403 95 41
21404 83 38
21405 70 30
21405 72 25
21405 92 14
21408 64 70
21427 72 20
21429 67 67
21448 72 70
21448 81 28
21450 77 49
21451 64 50
21452 61 38
21452 74 23
21453 47 31
21453 83 10
21454 60 48
21455 48 31
21468 76 67
21472 81 24
21472 83 22
21472 95 35
21475 48 33
21475 66 45
21477 67 42
21478 64 34
21478 86 17
21496 50 54
21496 69 44
21496 74 71
21504 78 15
21509 78 52
21514 67 54
21515 85 40
21515 94 22
21517 66 70
21517 93 42
21518 69 61
21519 57 61
21520 50 42
21525 91 16
21535 50 46
21541 98 17
21561 85 39
21561 94 20
21563 66 71
21585 71 68
21587 74 63
21605 93 38
21621 50 27
21630 90 33
21631 85 41
21631 94 23
21632 59 55
21632 69 30
21635 50 40
21641 93 14
21652 59 44
21653 69 37
21653 79 56
21655 59 45
21655 67 70
21660 59 47
21660 74 9
21671 59 53
21678 66 44
21678 85 18
21679 47 51
21679 81 9
21680 67 53
21682 66 40
21683 67 45
21686 66 51
21699 75 34
21700 48 50
21700 81 34
21700 90 56
21700 94 25
21701 54 55
21701 71 62
21701 82 26
21701 85 18
21701 88 26
21701 97 28
21702 47 39
21702 79 44
21703 59 59
21703 73 31
21703 92 11
21705 47 47
21714 78 61
21722 75 35
21722 81 29
21722 82 28
21723 97 29
21723 99 12
21725 73 14
21733 93 23
21743 62 57
21743 81 36
21744 98 18
21746 47 38
21746 71 69
21746 96 14
21749 47 44
21767 90 47
21768 97 34
21769 78 56
21769 81 36
21774 59 61
21781 62 39
21785 62 35
21790 76 63
21791 79 33
21792 54 28
21792 62 31
21793 78 59
21815 81 20
21817 74 23
21819 93 12
21820 47 38
21836 81 23
21840 80 40
21840 82 34
21841 91 46
21842 74 11
21842 79 56
21845 46 28
21848 47 31
21862 64 57
21862 86 27
21862 90 14
21862 92 29
21863 52 56
21883 68 27
21884 59 58
21884 73 29
21885 87 10
21886 78 39
21889 93 14
21899 80 9
21905 86 9
21906 52 33
21908 64 71
21908 79 58
21908 92 19
21908 98 13
21910 52 29
21914 52 32
21914 78 11
21918 78 10
21922 78 12
21932 68 35
21933 86 41
21934 67 63
21936 52 41
22043 67 10
22067 67 14
22067 72 67
22067 79 55
22069 61 33
22072 60 42
22089 66 44
22089 69 31
22090 86 39
22091 67 61
22136 95 41
22137 88 11
22137 94 11
22138 90 20
22139 98 58
22147 95 23
22159 98 19
22181 98 10
22187 95 44
22187 98 16
22197 95 29
22200 67 15
22237 91 66
22262 62 62
22262 74 69
22262 81 45
22263 67 33
22263 96 20
22263 98 26
22264 47 21
22284 69 69
22284 88 38
22331 88 64
22334 48 15
22336 90 69
22378 88 26
22381 86 66
22382 69 11
22382 85 20
22383 90 9
22386 74 12
22426 83 70
22436 86 11
22450 78 47
22451 68 22
22451 71 54
22452 59 56
22457 93 12
22474 67 48
22475 85 36
22475 94 21
22477 66 65
22494 83 64
22497 71 62
22519 85 24
22519 86 66
22569 59 17
22569 78 46
22569 82 28
22569 86 12
22569 91 44
22570 79 54
22576 66 20
22579 83 16
22615 84 29
22615 93 42
22616 80 42
22616 81 53
22618 79 22
22635 79 14
22639 71 26
22639 76 52
22639 83 41
22640 92 15
22641 98 12
22642 64 70
22660 78 41
22660 82 27
22661 79 48
22662 71 66
22663 90 38
22665 44 13
22670 79 18
22685 80 42
22685 82 38
22685 93 42
22686 79 40
22686 81 52
22709 83 72
22710 79 13
22732 67 28
22732 74 58
22733 62 59
22733 98 21
22734 47 19
22734 96 15
22753 69 70
22754 88 40
22755 91 42
22756 78 44
22756 79 52
22772 83 15
22803 85 25
22803 86 70
22804 83 13
22806 62 16
22828 72 63
22830 61 31
22833 60 45
22848 66 51
22849 86 43
22851 67 62
22894 95 43
22898 98 53
22904 95 24
22920 98 11
22925 98 13
22945 92 22
22945 95 49
22947 67 37
22971 72 12
22981 95 11
22992 91 63
23016 62 62
23016 72 33
23016 74 65
23017 81 44
23017 98 25
23018 71 31
23018 96 19
23038 69 66
23039 88 37
23083 88 64
23086 90 67
23130 88 14
23136 85 25
23136 86 70
23184 83 60
23186 86 15
23209 71 65
23209 78 47
23210 59 54
23210 68 18
23221 93 9
23234 67 48
23234 85 37
23234 94 20
23236 66 65
23283 86 65
23327 78 47
23327 82 31
23327 91 43
23328 79 53
23334 66 15
23338 86 10
23373 82 30
23373 84 28
23373 93 42
23374 80 43
23374 81 53
23375 48 21
23375 66 38
23377 79 18
23393 79 11
23397 71 20
23397 76 52
23397 83 38
23400 64 60
23421 71 64
23421 90 36
23422 86 66
23445 79 20
23445 81 13
23446 88 69
23448 95 14
23470 91 65
23471 86 16
23497 67 20
23497 74 48
23497 81 31
23498 62 52
23498 98 14
23499 90 70
23527 69 68
23527 88 63
23529 76 11
23563 90 64
23596 90 31
23604 88 16
23604 93 48
23615 93 31
23635 74 12
23643 93 12
23662 72 51
23662 79 45
23663 74 9
23667 60 12
23676 88 57
23677 69 29
23679 48 18
23679 67 51
23679 86 33
23682 91 68
23682 92 13
