0 65 80
227 65 0
240 70 80
467 70 0
480 72 80
707 72 0
720 74 80
1403 74 0
1440 74 80
1667 74 0
1680 74 80
1907 74 0
1920 72 80
2147 72 0
2160 74 80
2387 74 0
2400 77 80
2627 77 0
2640 77 80
3095 77 0
3120 72 80
3347 72 0
3360 72 80
3815 72 0
3840 65 80
4067 65 0
4080 67 80
4307 67 0
4320 69 80
4547 69 0
4560 70 80
5243 70 0
5280 70 80
5507 70 0
5520 70 80
5747 70 0
5760 69 80
5987 69 0
6000 70 80
6227 70 0
6240 74 80
6467 74 0
6480 69 80
6935 69 0
6960 67 80
7187 67 0
7200 65 80
7883 65 0
7920 62 80
8147 62 0
8160 65 80
8387 65 0
8400 67 80
8855 67 0
8880 69 80
9107 69 0
9120 70 80
9575 70 0
9600 62 80
9827 62 0
9840 65 80
10067 65 0
10080 72 80
10307 72 0
10320 65 80
10775 65 0
10800 62 80
11027 62 0
11040 70 80
11495 70 0
11520 62 80
11747 62 0
11760 65 80
11987 65 0
12000 72 80
12113 72 0
12120 74 80
12233 74 0
12240 75 80
12467 75 0
12480 74 80
12707 74 0
12720 75 80
12947 75 0
12960 75 80
13643 75 0
13680 74 80
13907 74 0
13920 72 80
14375 72 0
14400 65 80
14627 65 0
14640 70 80
14867 70 0
14880 69 80
15335 69 0
15360 65 80
15587 65 0
15600 70 80
15827 70 0
15840 72 80
16067 72 0
16080 74 80
16763 74 0
16800 74 80
17027 74 0
17040 74 80
17495 74 0
17520 70 80
17747 70 0
17760 72 80
18215 72 0
18240 65 80
19379 65 0
19440 67 80
19667 67 0
19680 69 80
19907 69 0
19920 70 80
20603 70 0
20640 70 80
21323 70 0
21360 67 80
21587 67 0
21600 65 80
22739 65 0
22800 62 80
23027 62 0
23040 65 80
23267 65 0
23280 70 80
23507 70 0
23520 67 80
24431 67 0
24480 74 80
24935 74 0
24960 70 80
25187 70 0
25200 67 80
25427 67 0
25440 65 80
25895 65 0
25920 67 80
26147 67 0
26160 60 80
26387 60 0
26400 58 80
27083 58 0
27120 55 80
27233 55 0
27240 57 80
27353 57 0
27360 58 80
27587 58 0
27600 63 80
28055 63 0
28080 62 80
28307 62 0
28320 60 80
28775 60 0
28800 58 80
29027 58 0
29040 67 80
29267 67 0
29280 65 80
29963 65 0
30000 58 80
30227 58 0
30240 60 80
30695 60 0
30720 58 80
30947 58 0
30960 67 80
31415 67 0
31440 60 80
31487 63 80
31535 65 80
31582 69 80
32878 63 0
32878 65 0
32878 69 0
32879 60 0
33120 72 80
33347 72 0
33360 74 80
34043 74 0
34080 65 80
34307 65 0
34320 74 80
34547 74 0
34560 75 80
34787 75 0
34800 75 80
35027 75 0
35040 77 80
35267 77 0
35280 77 80
35735 77 0
35760 74 80
35987 74 0
36000 72 80
36911 72 0
36960 69 80
37187 69 0
37200 70 80
37883 70 0
37920 62 80
38147 62 0
38160 70 80
38387 70 0
38400 72 80
38627 72 0
38640 72 80
38867 72 0
38880 74 80
39107 74 0
39120 69 80
39575 69 0
39600 67 80
39827 67 0
39840 65 80
40751 65 0
40800 69 80
41027 69 0
41040 70 80
42179 70 0
42240 65 80
42467 65 0
42480 65 80
42707 65 0
42720 77 80
42947 77 0
42960 74 80
43187 74 0
43200 74 80
43427 74 0
43440 72 80
43667 72 0
43680 70 80
44363 70 0
44400 67 80
44627 67 0
44640 69 80
44867 69 0
44880 70 80
45563 70 0
45600 70 80
45827 70 0
45840 74 80
46067 74 0
46080 72 80
46535 72 0
46560 70 80
46787 70 0
46800 72 80
48167 72 0
48480 72 80
48707 72 0
48720 74 80
49403 74 0
49440 74 80
49667 74 0
49680 74 80
49907 74 0
49920 72 80
50147 72 0
50160 74 80
50387 74 0
50400 77 80
50627 77 0
50640 77 80
51095 77 0
51120 74 80
51347 74 0
51360 72 80
52043 72 0
52080 70 80
52307 70 0
52320 69 80
52547 69 0
52560 70 80
53243 70 0
53280 69 80
53507 69 0
53520 70 80
53747 70 0
53760 70 80
53987 70 0
54000 72 80
54227 72 0
54240 74 80
54467 74 0
54480 69 80
54935 69 0
54960 67 80
55187 67 0
55200 65 80
55883 65 0
55920 70 80
56147 70 0
56160 69 80
56387 69 0
56400 70 80
57083 70 0
57120 70 80
57347 70 0
57360 70 80
57587 70 0
57600 70 80
57827 70 0
57840 70 80
58067 70 0
58080 67 80
58307 67 0
58320 65 80
58775 65 0
58800 69 80
59027 69 0
59040 70 80
59951 70 0
60000 67 80
60227 67 0
60240 70 80
60923 70 0
60960 70 80
61187 70 0
61200 74 80
61427 74 0
61440 72 80
61895 72 0
61920 70 80
62375 70 0
62400 72 80
65363 72 0
65760 65 80
65987 65 0
66000 74 80
66227 74 0
66240 74 80
66467 74 0
66480 74 80
66707 74 0
66720 74 80
66947 74 0
66960 74 80
67187 74 0
67200 72 80
67427 72 0
67440 74 80
67667 74 0
67680 77 80
67907 77 0
67920 77 80
68147 77 0
68160 77 80
68387 77 0
68400 77 80
68627 77 0
68640 74 80
68867 74 0
68880 72 80
69335 72 0
69360 70 80
69587 70 0
69600 69 80
69827 69 0
69840 70 80
70067 70 0
70080 70 80
70307 70 0
70320 69 80
70547 69 0
70560 70 80
70787 70 0
70800 74 80
71027 74 0
71040 69 80
71267 69 0
71280 69 80
71507 69 0
71520 69 80
71747 69 0
71760 69 80
72215 69 0
72240 67 80
72467 67 0
72480 65 80
73163 65 0
73200 70 80
73427 70 0
73440 69 80
73667 69 0
73680 70 80
74363 70 0
74400 70 80
74627 70 0
74640 70 80
74867 70 0
74880 70 80
75107 70 0
75120 70 80
75347 70 0
75360 67 80
75587 67 0
75600 65 80
76055 65 0
76080 69 80
76307 69 0
76320 70 80
77003 70 0
77040 70 80
77267 70 0
77280 69 80
77507 69 0
77520 70 80
78203 70 0
78240 67 80
78467 67 0
78480 70 80
78707 70 0
78720 70 80
78947 70 0
78960 67 80
79187 67 0
79200 70 80
79655 70 0
79680 72 80
80819 72 0
81120 65 80
81347 65 0
81360 74 80
81587 74 0
81600 74 80
81827 74 0
81840 74 80
82067 74 0
82080 74 80
82307 74 0
82320 74 80
82547 74 0
82560 72 80
82787 72 0
82800 74 80
83027 74 0
83040 77 80
83267 77 0
83280 77 80
83507 77 0
83520 74 80
83975 74 0
84000 72 80
84683 72 0
84720 70 80
84947 70 0
84960 69 80
85187 69 0
85200 70 80
85427 70 0
85440 70 80
85667 70 0
85680 70 80
85907 70 0
85920 70 80
86147 70 0
86160 70 80
86387 70 0
86400 72 80
86627 72 0
86640 74 80
86867 74 0
86880 69 80
87107 69 0
87120 69 80
87347 69 0
87360 67 80
87815 67 0
87840 65 80
88523 65 0
88560 70 80
88787 70 0
88800 69 80
89027 69 0
89040 70 80
89723 70 0
89760 69 80
89987 69 0
90000 70 80
90227 70 0
90240 70 80
90467 70 0
90480 70 80
90707 70 0
90720 67 80
90947 67 0
90960 65 80
91415 65 0
91440 69 80
91667 69 0
91680 70 80
92363 70 0
92400 70 80
92627 70 0
92640 69 80
92867 69 0
92880 67 80
93335 67 0
93360 74 80
93587 74 0
93600 72 80
93827 72 0
93840 72 80
94067 72 0
94080 70 80
94307 70 0
94320 70 80
94547 70 0
94560 70 80
95015 70 0
95040 70 80
96407 70 0
96720 60 80
96767 63 80
96815 65 80
96862 69 80
98158 63 0
98158 65 0
98158 69 0
98159 60 0
98400 70 80
98513 70 0
98520 72 80
98633 72 0
98640 74 80
99551 74 0
99600 74 80
99827 74 0
99840 70 80
100067 70 0
100080 67 80
100307 67 0
100320 72 80
101459 72 0
101520 72 80
101747 72 0
101760 69 80
101987 69 0
102000 65 80
102227 65 0
102240 70 80
103835 70 0
104160 67 80
104273 67 0
104280 69 80
104393 69 0
104400 67 80
104400 70 80
104855 67 0
104855 70 0
104880 65 80
104880 69 80
105335 65 0
105335 69 0
105360 63 80
105360 67 80
105815 63 0
105815 67 0
105840 60 80
105840 65 80
106067 60 0
106067 65 0
106080 72 80
106307 72 0
106320 74 80
107003 74 0
107040 65 80
107267 65 0
107280 74 80
107507 74 0
107520 75 80
107747 75 0
107760 75 80
107987 75 0
108000 77 80
108227 77 0
108240 77 80
108695 77 0
108720 74 80
108947 74 0
108960 72 80
109871 72 0
109920 69 80
110147 69 0
110160 70 80
110843 70 0
110880 62 80
111107 62 0
111120 70 80
111347 70 0
111360 72 80
111587 72 0
111600 72 80
111827 72 0
111840 74 80
112067 74 0
112080 69 80
112535 69 0
112560 67 80
112787 67 0
112800 65 80
113711 65 0
113760 69 80
113987 69 0
114000 70 80
115139 70 0
115200 65 80
115427 65 0
115440 65 80
115667 65 0
115680 77 80
115907 77 0
115920 74 80
116147 74 0
116160 74 80
116387 74 0
116400 72 80
116627 72 0
116640 70 80
117323 70 0
117360 67 80
117587 67 0
117600 69 80
117827 69 0
117840 70 80
118523 70 0
118560 70 80
118787 70 0
118800 74 80
119027 74 0
119040 72 80
119495 72 0
119520 70 80
119747 70 0
119760 72 80
121127 72 0
121440 72 80
121667 72 0
121680 74 80
122363 74 0
122400 74 80
122627 74 0
122640 74 80
122867 74 0
122880 72 80
123107 72 0
123120 74 80
123347 74 0
123360 77 80
123587 77 0
123600 77 80
124055 77 0
124080 74 80
124307 74 0
124320 72 80
125003 72 0
125040 70 80
125267 70 0
125280 69 80
125507 69 0
125520 70 80
126203 70 0
126240 69 80
126467 69 0
126480 70 80
126707 70 0
126720 70 80
126947 70 0
126960 72 80
127187 72 0
127200 74 80
127427 74 0
127440 69 80
127895 69 0
127920 67 80
128147 67 0
128160 65 80
128843 65 0
128880 70 80
129107 70 0
129120 69 80
129347 69 0
129360 70 80
130043 70 0
130080 70 80
130307 70 0
130320 70 80
130547 70 0
130560 70 80
130787 70 0
130800 70 80
131027 70 0
131040 67 80
131267 67 0
131280 65 80
131735 65 0
131760 69 80
131987 69 0
132000 70 80
132911 70 0
132960 67 80
133187 67 0
133200 70 80
133883 70 0
133920 70 80
134147 70 0
134160 74 80
134387 74 0
134400 72 80
134855 72 0
134880 70 80
135335 70 0
135360 77 80
136727 77 0
136800 74 80
137027 74 0
137040 79 80
137723 79 0
137760 77 80
138671 77 0
138720 65 80
138947 65 0
138960 74 80
139187 74 0
139200 74 80
139427 74 0
139440 74 80
139667 74 0
139680 74 80
139907 74 0
139920 74 80
140147 74 0
140160 72 80
140387 72 0
140400 74 80
140627 74 0
140640 77 80
140867 77 0
140880 77 80
141107 77 0
141120 77 80
141347 77 0
141360 77 80
141587 77 0
141600 74 80
141827 74 0
141840 72 80
142295 72 0
142320 70 80
142547 70 0
142560 69 80
142787 69 0
142800 70 80
143027 70 0
143040 70 80
143267 70 0
143280 69 80
143507 69 0
143520 70 80
143747 70 0
143760 74 80
143987 74 0
144000 69 80
144227 69 0
144240 69 80
144467 69 0
144480 69 80
144707 69 0
144720 69 80
145175 69 0
145200 67 80
145427 67 0
145440 65 80
146123 65 0
146160 70 80
146387 70 0
146400 69 80
146627 69 0
146640 70 80
147323 70 0
147360 70 80
147587 70 0
147600 70 80
147827 70 0
147840 70 80
148067 70 0
148080 70 80
148307 70 0
148320 67 80
148547 67 0
148560 65 80
149015 65 0
149040 69 80
149267 69 0
149280 70 80
149963 70 0
150000 70 80
150227 70 0
150240 69 80
150467 69 0
150480 70 80
151163 70 0
151200 67 80
151427 67 0
151440 70 80
151667 70 0
151680 70 80
151907 70 0
151920 67 80
152147 67 0
152160 70 80
152615 70 0
152640 72 80
153779 72 0
154080 65 80
154307 65 0
154320 74 80
154547 74 0
154560 74 80
154787 74 0
154800 74 80
155027 74 0
155040 74 80
155267 74 0
155280 74 80
155507 74 0
155520 72 80
155747 72 0
155760 74 80
155987 74 0
156000 77 80
156227 77 0
156240 77 80
156467 77 0
156480 74 80
156935 74 0
156960 72 80
157643 72 0
157680 70 80
157907 70 0
157920 69 80
158147 69 0
158160 70 80
158387 70 0
158400 70 80
158627 70 0
158640 70 80
158867 70 0
158880 70 80
159107 70 0
159120 70 80
159347 70 0
159360 72 80
159587 72 0
159600 74 80
159827 74 0
159840 69 80
160067 69 0
160080 69 80
160307 69 0
160320 67 80
160775 67 0
160800 65 80
161483 65 0
161520 70 80
161747 70 0
161760 69 80
161987 69 0
162000 70 80
162683 70 0
162720 69 80
162947 69 0
162960 70 80
163187 70 0
163200 70 80
163427 70 0
163440 70 80
163667 70 0
163680 67 80
163907 67 0
163920 65 80
164375 65 0
164400 69 80
164627 69 0
164640 70 80
165323 70 0
165360 70 80
165587 70 0
165600 69 80
165827 69 0
165840 67 80
166295 67 0
166320 74 80
166547 74 0
166560 72 80
166787 72 0
166800 72 80
167027 72 0
167040 70 80
167267 70 0
167280 70 80
167507 70 0
167520 70 80
167975 70 0
168000 70 80
169367 70 0
169680 65 80
170021 65 0
170040 65 80
170381 65 0
170400 62 80
170627 62 0
170640 63 80
171095 63 0
171120 65 80
171233 65 0
171240 67 80
171353 67 0
171360 70 80
171473 70 0
171480 72 80
171593 72 0
171600 74 80
172055 74 0
172080 70 80
172193 70 0
172200 67 80
172313 67 0
172320 72 80
173231 72 0
173280 69 80
173393 69 0
173400 70 80
173513 70 0
173520 72 80
173975 72 0
174000 69 80
174113 69 0
174120 65 80
174233 65 0
174240 70 80
175151 70 0
175200 72 80
175313 72 0
175320 74 80
175433 74 0
175440 75 80
175667 75 0
175680 74 80
175907 74 0
175920 75 80
176147 75 0
176160 77 80
176615 77 0
176640 74 80
176753 74 0
176760 72 80
176873 72 0
176880 74 80
177107 74 0
177120 72 80
177347 72 0
177360 74 80
177701 74 0
177720 75 80
178061 75 0
178080 77 80
178535 77 0
178560 74 80
178673 74 0
178680 75 80
178793 75 0
178800 77 80
178913 77 0
178920 79 80
179033 79 0
179040 82 80
179153 82 0
179160 84 80
179273 84 0
179280 86 80
179735 86 0
179760 82 80
179873 82 0
179880 79 80
179993 79 0
180000 84 80
180911 84 0
180960 70 80
181073 70 0
181080 72 80
181193 72 0
181200 74 80
181427 74 0
181440 75 80
181667 75 0
181680 77 80
181907 77 0
181920 82 80
182375 82 0
182400 81 80
182513 81 0
182520 82 80
182633 82 0
182640 77 80
182981 77 0
183000 72 80
183056 72 0
183060 74 80
183116 74 0
183120 75 80
183347 75 0
183360 74 80
183587 74 0
183600 75 80
183827 75 0
183840 77 80
184295 77 0
184320 74 80
184547 74 0
184560 77 80
184787 77 0
184800 79 80
185027 79 0
185040 74 80
185040 79 80
185267 74 0
185267 79 0
185280 74 80
185280 79 80
185507 74 0
185507 79 0
185520 74 80
185520 79 80
185747 74 0
185747 79 0
185760 74 80
185760 79 80
185987 74 0
185987 79 0
186000 74 80
186000 79 80
186227 74 0
186227 79 0
186240 74 80
186240 79 80
186467 74 0
186467 79 0
186480 74 80
186480 79 80
186707 74 0
186707 79 0
186720 67 80
186947 67 0
186960 76 80
187187 76 0
187200 76 80
187427 76 0
187440 76 80
187667 76 0
187680 76 80
187907 76 0
187920 76 80
188147 76 0
188160 74 80
188387 74 0
188400 76 80
188627 76 0
188640 79 80
188867 79 0
188880 79 80
189107 79 0
189120 79 80
189347 79 0
189360 79 80
189587 79 0
189600 76 80
189827 76 0
189840 74 80
190295 74 0
190320 72 80
190547 72 0
190560 71 80
190787 71 0
190800 72 80
191027 72 0
191040 72 80
191267 72 0
191280 71 80
191507 71 0
191520 72 80
191747 72 0
191760 76 80
191987 76 0
192000 71 80
192227 71 0
192240 71 80
192467 71 0
192480 71 80
192707 71 0
192720 71 80
193175 71 0
193200 69 80
193427 69 0
193440 67 80
194123 67 0
194160 72 80
194387 72 0
194400 71 80
194627 71 0
194640 72 80
195323 72 0
195360 72 80
195587 72 0
195600 72 80
195827 72 0
195840 72 80
196067 72 0
196080 72 80
196307 72 0
196320 69 80
196547 69 0
196560 67 80
197015 67 0
197040 71 80
197267 71 0
197280 72 80
197963 72 0
198000 72 80
198227 72 0
198240 71 80
198467 71 0
198480 72 80
199163 72 0
199200 69 80
199427 69 0
199440 72 80
199667 72 0
199680 72 80
199907 72 0
199920 69 80
200147 69 0
200160 72 80
200615 72 0
200640 74 80
201779 74 0
202080 67 80
202307 67 0
202320 76 80
202547 76 0
202560 76 80
202787 76 0
202800 76 80
203027 76 0
203040 76 80
203267 76 0
203280 76 80
203507 76 0
203520 74 80
203747 74 0
203760 76 80
203987 76 0
204000 79 80
204227 79 0
204240 79 80
204467 79 0
204480 76 80
204935 76 0
204960 74 80
205643 74 0
205680 72 80
205907 72 0
205920 71 80
206147 71 0
206160 72 80
206387 72 0
206400 72 80
206627 72 0
206640 72 80
206867 72 0
206880 72 80
207107 72 0
207120 72 80
207347 72 0
207360 74 80
207587 74 0
207600 76 80
207827 76 0
207840 71 80
208067 71 0
208080 71 80
208307 71 0
208320 69 80
208775 69 0
208800 67 80
209483 67 0
209520 72 80
209747 72 0
209760 71 80
209987 71 0
210000 72 80
210683 72 0
210720 71 80
210947 71 0
210960 72 80
211187 72 0
211200 72 80
211427 72 0
211440 72 80
211667 72 0
211680 69 80
211907 69 0
211920 67 80
212375 67 0
212400 71 80
212627 71 0
212640 72 80
213323 72 0
213360 72 80
213587 72 0
213600 71 80
213827 71 0
213840 69 80
214295 69 0
214320 76 80
214547 76 0
214560 74 80
214787 74 0
214800 74 80
215027 74 0
215040 72 80
215267 72 0
215280 72 80
215507 72 0
215520 72 80
215975 72 0
216000 72 80
216911 72 0
217200 72 80
217427 72 0
217440 71 80
217667 71 0
217680 72 80
218363 72 0
218400 71 80
218627 71 0
218640 72 80
218867 72 0
218880 72 80
219107 72 0
219120 72 80
219347 72 0
219360 69 80
219587 69 0
219600 67 80
220055 67 0
220080 71 80
220307 71 0
220320 72 80
221003 72 0
221040 72 80
221267 72 0
221280 71 80
221507 71 0
221520 69 80
221975 69 0
222000 76 80
222227 76 0
222240 74 80
222467 74 0
222480 74 80
222707 74 0
222720 72 80
222947 72 0
222960 72 80
223187 72 0
223200 72 80
223655 72 0
223680 72 80
224591 72 0
225360 64 80
225360 67 80
225360 72 80
227183 64 0
227183 67 0
227183 72 0
720 46 80
1175 46 0
1200 53 80
1655 53 0
1680 58 80
2591 58 0
2640 41 80
3095 41 0
3120 48 80
3575 48 0
3600 57 80
4511 57 0
4560 43 80
5015 43 0
5040 50 80
5495 50 0
5520 58 80
6431 58 0
6480 38 80
6935 38 0
6960 45 80
7415 45 0
7440 53 80
8351 53 0
8400 39 80
8855 39 0
8880 46 80
9335 46 0
9360 55 80
10271 55 0
10320 38 80
10775 38 0
10800 45 80
11255 45 0
11280 43 80
11735 43 0
11760 50 80
12215 50 0
12240 48 80
12695 48 0
12720 55 80
13175 55 0
13200 63 80
14111 63 0
14160 41 80
14615 41 0
14640 48 80
15095 48 0
15120 53 80
16031 53 0
16080 46 80
16535 46 0
16560 53 80
17015 53 0
17040 58 80
17951 58 0
18000 41 80
18455 41 0
18480 48 80
18935 48 0
18960 57 80
19871 57 0
19920 43 80
20375 43 0
20400 50 80
20855 50 0
20880 58 80
21791 58 0
21840 38 80
22295 38 0
22320 45 80
22775 45 0
22800 53 80
23711 53 0
23760 39 80
24215 39 0
24240 46 80
24695 46 0
24720 55 80
25631 55 0
25680 38 80
26135 38 0
26160 45 80
26615 45 0
26640 43 80
27095 43 0
27120 50 80
27575 50 0
27600 48 80
28055 48 0
28080 51 80
28535 51 0
28560 55 80
29471 55 0
29520 41 80
29975 41 0
30000 48 80
30455 48 0
30480 53 80
31391 53 0
31440 41 80
31486 48 80
31534 53 80
33358 48 0
33358 53 0
33359 41 0
33360 46 80
33815 46 0
33840 53 80
34295 53 0
34320 58 80
34775 58 0
34800 46 80
35255 46 0
35280 41 80
35735 41 0
35760 48 80
36215 48 0
36240 53 80
36695 53 0
36720 41 80
37175 41 0
37200 43 80
37655 43 0
37680 50 80
38135 50 0
38160 55 80
38615 55 0
38640 43 80
39095 43 0
39120 38 80
39575 38 0
39600 45 80
40055 45 0
40080 50 80
40535 50 0
40560 38 80
41015 38 0
41040 39 80
41495 39 0
41520 46 80
41975 46 0
42000 51 80
42455 51 0
42480 39 80
42935 39 0
42960 46 80
43415 46 0
43440 53 80
43895 53 0
43920 58 80
44375 58 0
44400 46 80
44855 46 0
44880 48 80
45335 48 0
45360 55 80
45815 55 0
45840 60 80
46295 60 0
46320 48 80
46775 48 0
46800 41 80
47255 41 0
47280 48 80
47735 48 0
47760 53 80
48215 53 0
48240 41 80
48695 41 0
48720 46 80
49175 46 0
49200 53 80
49655 53 0
49680 58 80
50135 58 0
50160 46 80
50615 46 0
50640 41 80
51095 41 0
51120 48 80
51575 48 0
51600 53 80
52055 53 0
52080 41 80
52535 41 0
52560 43 80
53015 43 0
53040 50 80
53495 50 0
53520 55 80
53975 55 0
54000 43 80
54455 43 0
54480 38 80
54935 38 0
54960 45 80
55415 45 0
55440 50 80
55895 50 0
55920 38 80
56375 38 0
56400 39 80
56855 39 0
56880 46 80
57335 46 0
57360 51 80
57815 51 0
57840 39 80
58295 39 0
58320 46 80
58775 46 0
58800 53 80
59255 53 0
59280 58 80
59735 58 0
59760 46 80
60215 46 0
60240 48 80
60695 48 0
60720 55 80
61175 55 0
61200 60 80
61655 60 0
61680 48 80
62135 48 0
62160 41 80
62615 41 0
62640 48 80
63095 48 0
63120 53 80
63575 53 0
63600 41 80
64055 41 0
64080 41 80
64126 48 80
64174 51 80
64224 53 80
65998 48 0
65998 51 0
65999 41 0
65999 53 0
66000 46 80
66455 46 0
66480 58 80
67163 58 0
67200 46 80
67427 46 0
67440 58 80
67667 58 0
67680 53 80
67907 53 0
67920 41 80
68375 41 0
68400 53 80
69083 53 0
69120 41 80
69347 41 0
69360 53 80
69587 53 0
69600 48 80
69827 48 0
69840 43 80
70295 43 0
70320 55 80
71003 55 0
71040 43 80
71267 43 0
71280 55 80
71507 55 0
71520 50 80
71747 50 0
71760 38 80
72215 38 0
72240 50 80
72923 50 0
72960 38 80
73187 38 0
73200 50 80
73427 50 0
73440 45 80
73667 45 0
73680 39 80
74135 39 0
74160 51 80
74843 51 0
74880 39 80
75107 39 0
75120 51 80
75347 51 0
75360 46 80
75587 46 0
75600 46 80
76055 46 0
76080 58 80
76763 58 0
76800 46 80
77027 46 0
77040 58 80
77267 58 0
77280 53 80
77507 53 0
77520 48 80
77975 48 0
78000 60 80
78683 60 0
78720 48 80
78947 48 0
78960 60 80
79187 60 0
79200 55 80
79427 55 0
79440 41 80
79895 41 0
79920 53 80
80603 53 0
80640 41 80
80867 41 0
80880 53 80
81107 53 0
81120 48 80
81347 48 0
81360 46 80
81815 46 0
81840 58 80
82523 58 0
82560 46 80
82787 46 0
82800 58 80
83027 58 0
83040 53 80
83267 53 0
83280 41 80
83735 41 0
83760 53 80
84443 53 0
84480 41 80
84707 41 0
84720 53 80
84947 53 0
84960 48 80
85187 48 0
85200 43 80
85655 43 0
85680 55 80
86363 55 0
86400 43 80
86627 43 0
86640 55 80
86867 55 0
86880 50 80
87107 50 0
87120 38 80
87575 38 0
87600 50 80
88283 50 0
88320 38 80
88547 38 0
88560 50 80
88787 50 0
88800 45 80
89027 45 0
89040 39 80
89495 39 0
89520 51 80
90203 51 0
90240 39 80
90467 39 0
90480 51 80
90707 51 0
90720 46 80
90947 46 0
90960 46 80
91415 46 0
91440 58 80
92123 58 0
92160 46 80
92387 46 0
92400 58 80
92627 58 0
92640 53 80
92867 53 0
92880 48 80
93335 48 0
93360 60 80
94043 60 0
94080 48 80
94307 48 0
94320 53 80
94547 53 0
94560 41 80
94787 41 0
94800 46 80
95255 46 0
95280 58 80
95963 58 0
96000 46 80
96227 46 0
96240 58 80
96467 58 0
96480 53 80
96707 53 0
96720 41 80
96766 48 80
96814 53 80
98638 48 0
98638 53 0
98639 41 0
98640 46 80
98640 58 80
100007 46 0
100007 58 0
100080 46 80
100535 46 0
100560 41 80
100560 53 80
101927 41 0
101927 53 0
102000 41 80
102455 41 0
102480 43 80
102480 55 80
103847 43 0
103847 55 0
103920 43 80
104375 43 0
104400 36 80
104400 48 80
104855 36 0
104855 48 0
104880 38 80
104880 50 80
105335 38 0
105335 50 0
105360 39 80
105360 51 80
105815 39 0
105815 51 0
105840 41 80
105840 53 80
106295 41 0
106295 53 0
106320 46 80
106547 46 0
106560 53 80
106787 53 0
106800 58 80
107027 58 0
107040 53 80
107267 53 0
107280 62 80
107507 62 0
107520 53 80
107747 53 0
107760 58 80
107987 58 0
108000 46 80
108227 46 0
108240 41 80
108467 41 0
108480 48 80
108707 48 0
108720 53 80
108947 53 0
108960 48 80
109187 48 0
109200 57 80
109427 57 0
109440 48 80
109667 48 0
109680 53 80
109907 53 0
109920 41 80
110147 41 0
110160 43 80
110387 43 0
110400 50 80
110627 50 0
110640 55 80
110867 55 0
110880 50 80
111107 50 0
111120 58 80
111347 58 0
111360 50 80
111587 50 0
111600 55 80
111827 55 0
111840 43 80
112067 43 0
112080 38 80
112307 38 0
112320 45 80
112547 45 0
112560 50 80
112787 50 0
112800 45 80
113027 45 0
113040 53 80
113267 53 0
113280 45 80
113507 45 0
113520 50 80
113747 50 0
113760 38 80
113987 38 0
114000 39 80
114227 39 0
114240 46 80
114467 46 0
114480 51 80
114707 51 0
114720 46 80
114947 46 0
114960 55 80
115187 55 0
115200 46 80
115427 46 0
115440 51 80
115667 51 0
115680 39 80
115907 39 0
115920 46 80
116147 46 0
116160 53 80
116387 53 0
116400 58 80
116627 58 0
116640 53 80
116867 53 0
116880 62 80
117107 62 0
117120 53 80
117347 53 0
117360 58 80
117587 58 0
117600 46 80
117827 46 0
117840 48 80
118067 48 0
118080 55 80
118307 55 0
118320 60 80
118547 60 0
118560 55 80
118787 55 0
118800 63 80
119027 63 0
119040 55 80
119267 55 0
119280 60 80
119507 60 0
119520 48 80
119747 48 0
119760 41 80
119987 41 0
120000 48 80
120227 48 0
120240 53 80
120467 53 0
120480 48 80
120707 48 0
120720 57 80
120947 57 0
120960 48 80
121187 48 0
121200 53 80
121427 53 0
121440 41 80
121667 41 0
121680 46 80
121907 46 0
121920 53 80
122147 53 0
122160 58 80
122387 58 0
122400 53 80
122627 53 0
122640 62 80
122867 62 0
122880 53 80
123107 53 0
123120 58 80
123347 58 0
123360 46 80
123587 46 0
123600 41 80
123827 41 0
123840 48 80
124067 48 0
124080 53 80
124307 53 0
124320 48 80
124547 48 0
124560 57 80
124787 57 0
124800 48 80
125027 48 0
125040 53 80
125267 53 0
125280 41 80
125507 41 0
125520 43 80
125747 43 0
125760 50 80
125987 50 0
126000 55 80
126227 55 0
126240 50 80
126467 50 0
126480 58 80
126707 58 0
126720 50 80
126947 50 0
126960 55 80
127187 55 0
127200 43 80
127427 43 0
127440 38 80
127667 38 0
127680 45 80
127907 45 0
127920 50 80
128147 50 0
128160 45 80
128387 45 0
128400 53 80
128627 53 0
128640 45 80
128867 45 0
128880 50 80
129107 50 0
129120 38 80
129347 38 0
129360 39 80
129587 39 0
129600 46 80
129827 46 0
129840 51 80
130067 51 0
130080 46 80
130307 46 0
130320 55 80
130547 55 0
130560 46 80
130787 46 0
130800 51 80
131027 51 0
131040 39 80
131267 39 0
131280 46 80
131507 46 0
131520 53 80
131747 53 0
131760 58 80
131987 58 0
132000 53 80
132227 53 0
132240 62 80
132467 62 0
132480 53 80
132707 53 0
132720 58 80
132947 58 0
132960 46 80
133187 46 0
133200 48 80
133427 48 0
133440 55 80
133667 55 0
133680 60 80
133907 60 0
133920 55 80
134147 55 0
134160 63 80
134387 63 0
134400 55 80
134627 55 0
134640 60 80
134867 60 0
134880 48 80
135107 48 0
135120 41 80
135347 41 0
135360 48 80
135587 48 0
135600 53 80
135827 53 0
135840 48 80
136067 48 0
136080 57 80
136307 57 0
136320 48 80
136547 48 0
136560 53 80
136787 53 0
136800 41 80
137027 41 0
137040 41 80
137267 41 0
137280 48 80
137507 48 0
137520 53 80
137747 53 0
137760 48 80
137987 48 0
138000 57 80
138227 57 0
138240 48 80
138467 48 0
138480 53 80
138707 53 0
138720 41 80
138947 41 0
138960 46 80
139415 46 0
139440 58 80
140123 58 0
140160 46 80
140387 46 0
140400 58 80
140627 58 0
140640 53 80
140867 53 0
140880 41 80
141335 41 0
141360 53 80
142043 53 0
142080 41 80
142307 41 0
142320 53 80
142547 53 0
142560 48 80
142787 48 0
142800 43 80
143255 43 0
143280 55 80
143963 55 0
144000 43 80
144227 43 0
144240 55 80
144467 55 0
144480 50 80
144707 50 0
144720 38 80
145175 38 0
145200 50 80
145883 50 0
145920 38 80
146147 38 0
146160 50 80
146387 50 0
146400 45 80
146627 45 0
146640 39 80
147095 39 0
147120 51 80
147803 51 0
147840 39 80
148067 39 0
148080 51 80
148307 51 0
148320 46 80
148547 46 0
148560 46 80
149015 46 0
149040 58 80
149723 58 0
149760 46 80
149987 46 0
150000 58 80
150227 58 0
150240 53 80
150467 53 0
150480 48 80
150935 48 0
150960 60 80
151643 60 0
151680 48 80
151907 48 0
151920 60 80
152147 60 0
152160 55 80
152387 55 0
152400 41 80
152855 41 0
152880 53 80
153563 53 0
153600 41 80
153827 41 0
153840 53 80
154067 53 0
154080 48 80
154307 48 0
154320 46 80
154775 46 0
154800 58 80
155483 58 0
155520 46 80
155747 46 0
155760 58 80
155987 58 0
156000 53 80
156227 53 0
156240 41 80
156695 41 0
156720 53 80
157403 53 0
157440 41 80
157667 41 0
157680 53 80
157907 53 0
157920 48 80
158147 48 0
158160 43 80
158615 43 0
158640 55 80
159323 55 0
159360 43 80
159587 43 0
159600 55 80
159827 55 0
159840 50 80
160067 50 0
160080 38 80
160535 38 0
160560 50 80
161243 50 0
161280 38 80
161507 38 0
161520 50 80
161747 50 0
161760 45 80
161987 45 0
162000 39 80
162455 39 0
162480 51 80
163163 51 0
163200 39 80
163427 39 0
163440 51 80
163667 51 0
163680 46 80
163907 46 0
163920 46 80
164375 46 0
164400 58 80
165083 58 0
165120 46 80
165347 46 0
165360 58 80
165587 58 0
165600 53 80
165827 53 0
165840 48 80
166295 48 0
166320 60 80
167003 60 0
167040 48 80
167267 48 0
167280 53 80
167507 53 0
167520 41 80
167747 41 0
167760 46 80
168215 46 0
168240 58 80
168923 58 0
168960 46 80
169187 46 0
169200 58 80
169427 58 0
169440 53 80
169667 53 0
169680 46 80
169680 58 80
170591 46 0
170591 58 0
170640 41 80
170640 51 80
171551 41 0
171551 51 0
171600 39 80
171600 51 80
172283 39 0
172283 51 0
172320 41 80
172320 53 80
173231 41 0
173231 53 0
173520 38 80
173520 50 80
174203 38 0
174203 50 0
174240 43 80
174240 55 80
175151 43 0
175151 55 0
175440 39 80
175440 51 80
176123 39 0
176123 51 0
176160 41 80
176160 53 80
177071 41 0
177071 53 0
177360 38 80
177360 50 80
177701 38 0
177701 50 0
177720 39 80
177720 51 80
178061 39 0
178061 51 0
178080 41 80
178080 53 80
179219 41 0
179219 53 0
179280 39 80
179280 51 80
179963 39 0
179963 51 0
180000 41 80
180000 53 80
180911 41 0
180911 53 0
181200 38 80
181200 50 80
181883 38 0
181883 50 0
181920 43 80
181920 55 80
182831 43 0
182831 55 0
183120 48 80
183120 60 80
183803 48 0
183803 60 0
183840 50 80
183840 62 80
184751 50 0
184751 62 0
185040 43 80
185040 55 80
185267 43 0
185267 55 0
185280 43 80
185280 55 80
185507 43 0
185507 55 0
185520 43 80
185520 55 80
185747 43 0
185747 55 0
185760 43 80
185760 55 80
185987 43 0
185987 55 0
186000 43 80
186000 55 80
186227 43 0
186227 55 0
186240 43 80
186240 55 80
186467 43 0
186467 55 0
186480 43 80
186480 55 80
186707 43 0
186707 55 0
186720 43 80
186720 55 80
186947 43 0
186947 55 0
186960 48 80
187415 48 0
187440 60 80
188123 60 0
188160 48 80
188387 48 0
188400 60 80
188627 60 0
188640 55 80
188867 55 0
188880 43 80
189335 43 0
189360 55 80
190043 55 0
190080 43 80
190307 43 0
190320 55 80
190547 55 0
190560 50 80
190787 50 0
190800 45 80
191255 45 0
191280 57 80
191963 57 0
192000 45 80
192227 45 0
192240 57 80
192467 57 0
192480 52 80
192707 52 0
192720 40 80
193175 40 0
193200 52 80
193883 52 0
193920 40 80
194147 40 0
194160 52 80
194387 52 0
194400 47 80
194627 47 0
194640 41 80
195095 41 0
195120 53 80
195803 53 0
195840 41 80
196067 41 0
196080 53 80
196307 53 0
196320 48 80
196547 48 0
196560 48 80
197015 48 0
197040 60 80
197723 60 0
197760 48 80
197987 48 0
198000 60 80
198227 60 0
198240 55 80
198467 55 0
198480 50 80
198935 50 0
198960 62 80
199643 62 0
199680 50 80
199907 50 0
199920 62 80
200147 62 0
200160 57 80
200387 57 0
200400 43 80
200855 43 0
200880 55 80
201563 55 0
201600 43 80
201827 43 0
201840 55 80
202067 55 0
202080 50 80
202307 50 0
202320 48 80
202775 48 0
202800 60 80
203483 60 0
203520 48 80
203747 48 0
203760 60 80
203987 60 0
204000 55 80
204227 55 0
204240 43 80
204695 43 0
204720 55 80
205403 55 0
205440 43 80
205667 43 0
205680 55 80
205907 55 0
205920 50 80
206147 50 0
206160 45 80
206615 45 0
206640 57 80
207323 57 0
207360 45 80
207587 45 0
207600 57 80
207827 57 0
207840 52 80
208067 52 0
208080 40 80
208535 40 0
208560 52 80
209243 52 0
209280 40 80
209507 40 0
209520 52 80
209747 52 0
209760 47 80
209987 47 0
210000 41 80
210455 41 0
210480 53 80
211163 53 0
211200 41 80
211427 41 0
211440 53 80
211667 53 0
211680 48 80
211907 48 0
211920 48 80
212375 48 0
212400 60 80
213083 60 0
213120 48 80
213347 48 0
213360 60 80
213587 60 0
213600 55 80
213827 55 0
213840 50 80
214295 50 0
214320 62 80
215003 62 0
215040 50 80
215267 50 0
215280 55 80
215507 55 0
215520 43 80
215747 43 0
215760 48 80
216215 48 0
216240 60 80
216923 60 0
216960 48 80
217187 48 0
217200 60 80
217427 60 0
217440 55 80
217667 55 0
217680 41 80
217680 53 80
219503 41 0
219503 53 0
219600 48 80
219600 60 80
221423 48 0
221423 60 0
221520 50 80
221520 62 80
222431 50 0
222431 62 0
222480 43 80
222480 55 80
223391 43 0
223391 55 0
223440 48 80
223667 48 0
223680 55 80
223907 55 0
223920 60 80
224147 60 0
224160 62 80
224387 62 0
224400 64 80
224627 64 0
224640 55 80
224867 55 0
224880 60 80
225107 60 0
225120 65 80
225347 65 0
225360 48 80
225360 60 80
227183 48 0
227183 60 0
