0 56 16
0 90 15
38 62 36
40 81 18
40 93 40
44 81 9
76 81 25
78 69 41
107 93 20
113 76 42
145 93 29
154 78 27
158 78 28
183 78 9
208 93 11
227 81 43
315 90 30
337 90 11
348 88 20
349 61 35
383 81 27
384 69 40
386 93 27
424 93 32
456 81 44
457 76 33
506 93 15
618 90 28
634 91 32
652 60 38
653 91 13
654 93 21
684 93 46
688 69 27
722 71 35
729 93 44
757 72 37
767 93 26
794 81 46
833 100 15
900 90 28
906 93 23
910 98 16
944 59 36
962 93 10
981 67 25
1015 81 22
1016 69 42
1049 74 34
1119 79 25
1157 59 40
1190 69 9
1190 74 48
1208 76 29
1227 47 31
1230 78 38
1244 47 28
1254 78 42
1262 73 9
1263 54 27
1295 74 48
1306 54 9
1309 47 9
1331 62 38
1338 59 26
1356 78 9
1363 59 18
1367 62 17
1378 62 11
1407 59 24
1442 66 33
1476 59 35
1476 73 42
1477 47 27
1490 47 25
1493 74 44
1511 76 47
1511 78 21
1512 66 38
1514 54 27
1514 61 31
1515 43 34
1522 42 22
1531 43 24
1534 42 18
1546 76 37
1547 61 36
1548 49 31
1561 49 29
1576 69 28
1579 64 31
1579 71 45
1583 69 27
1584 49 27
1591 69 22
1596 69 17
1610 49 19
1611 69 40
1615 66 26
1616 54 27
1672 54 17
1676 54 16
1681 54 19
1687 57 31
1754 54 31
1754 73 21
1755 81 16
1756 69 45
1785 82 19
1788 58 33
1788 64 26
1788 70 48
1788 74 54
1790 59 33
1791 41 33
1791 52 34
1792 83 10
1799 40 25
1800 71 35
1810 41 29
1810 52 16
1817 40 22
1822 47 32
1824 59 33
1838 47 29
1858 67 30
1859 62 47
1860 47 37
1867 47 26
1871 47 31
1879 48 29
1883 47 19
1891 55 29
1893 71 44
1925 59 30
1927 74 52
1928 62 43
1941 59 30
1952 59 29
1961 62 21
1961 76 41
1975 55 10
1995 51 23
1995 64 36
2011 51 16
2018 74 34
2030 76 42
2035 81 62
2070 57 41
2071 44 38
2071 64 44
2073 45 41
2086 46 33
2088 45 44
2094 81 12
2107 71 11
2141 45 9
2141 55 26
2153 45 17
2157 55 24
2158 59 34
2162 45 19
2175 55 12
2178 62 37
2192 59 31
2195 67 23
2201 62 26
2216 62 18
2223 62 12
2234 74 35
2253 79 31
2257 79 32
2272 74 38
2277 79 26
2292 83 48
2311 74 44
2336 79 27
2356 74 37
2385 76 39
2386 51 24
2388 57 13
2390 81 54
2391 52 24
2398 52 26
2402 33 25
2406 33 27
2414 32 19
2417 33 30
2423 45 18
2428 45 21
2432 33 23
2437 32 16
2440 33 16
2446 33 18
2733 78 35
2748 79 29
2758 78 18
2763 48 16
2763 62 46
2763 81 80
2764 69 14
2765 74 50
2797 57 26
2823 64 38
2824 83 9
2853 66 28
2854 51 10
2900 81 39
2913 69 39
2943 74 45
2970 76 33
2975 78 37
2998 78 17
3002 48 29
3003 61 45
3003 76 50
3004 49 34
3017 49 32
3031 81 59
3033 69 13
3034 57 32
3060 81 53
3089 81 76
3091 57 10
3092 64 37
3093 83 11
3129 49 11
3136 64 15
3144 64 11
3148 57 34
3149 64 9
3179 69 44
3209 64 38
3209 83 11
3210 78 33
3225 79 37
3237 78 14
3239 60 45
3239 81 61
3240 48 36
3243 48 38
3254 48 34
3270 69 12
3272 57 35
3272 76 9
3299 48 27
3303 59 40
3308 58 36
3310 59 42
3320 59 40
3326 59 46
3327 81 77
3328 72 41
3330 60 37
3333 60 44
3339 60 45
3345 60 45
3351 60 45
3360 69 31
3362 60 43
3368 60 42
3370 48 15
3374 60 40
3380 60 39
3386 60 37
3386 87 13
3392 60 29
3392 88 21
3398 60 30
3424 60 26
3444 78 38
3448 60 23
3449 81 55
3453 86 18
3454 60 21
3460 60 22
3466 60 23
3468 78 21
3472 60 22
3478 60 26
3482 47 31
3483 59 42
3498 47 29
3510 67 24
3510 74 16
3511 55 30
3541 57 35
3543 58 30
3545 57 37
3569 57 28
3571 62 38
3572 81 10
3573 57 28
3627 67 34
3659 55 37
3659 74 51
3672 71 33
3689 59 43
3690 48 36
3692 47 35
3703 76 39
3704 47 33
3711 55 15
3719 78 49
3719 81 33
3720 39 42
3720 48 34
3720 71 48
3720 75 21
3721 55 38
3723 59 18
3724 47 19
3725 54 31
3731 54 24
3733 35 23
3743 35 25
3746 73 16
3747 55 37
3747 81 23
3748 59 53
3751 35 33
3754 47 28
3756 54 21
3759 35 23
3763 47 28
3765 78 31
3767 47 31
3768 54 17
3770 47 36
3772 54 35
3777 74 49
3779 35 18
3804 54 12
3811 47 28
3828 47 13
3867 47 29
3880 47 22
3892 66 33
3892 81 12
3894 73 20
3895 47 30
3895 54 25
3896 62 40
3898 59 36
3918 59 35
3921 73 53
3921 81 16
3922 59 42
3923 62 27
3925 47 34
3926 75 11
3930 54 11
3935 74 55
3937 54 17
3938 47 26
3945 62 10
3950 73 40
3951 76 52
3952 53 33
3952 69 53
3953 42 42
3953 61 40
3956 54 36
3962 42 30
3968 54 18
3970 42 30
3978 73 17
3980 61 33
3981 49 35
3988 49 25
3992 49 30
4005 49 34
4007 64 45
4008 71 55
4011 50 34
4016 49 32
4028 49 31
4035 61 40
4038 88 24
4039 41 29
4042 55 31
4042 64 27
4042 71 30
4043 66 29
4044 54 32
4048 54 29
4067 54 22
4071 54 24
4072 64 14
4076 54 25
4080 54 23
4085 54 24
4096 57 37
4129 57 28
4153 66 33
4153 81 30
4154 54 41
4156 69 45
4179 82 20
4180 54 28
4183 70 48
4186 64 30
4186 69 43
4187 41 40
4187 59 37
4188 70 47
4189 71 41
4189 74 52
4190 40 33
4190 53 40
4191 70 45
4192 71 41
4195 40 31
4201 40 30
4204 39 23
4206 52 19
4208 41 32
4210 40 30
4213 47 30
4214 78 10
4215 48 40
4215 59 39
4217 47 35
4223 47 31
4228 47 32
4241 46 29
4242 62 54
4242 79 29
4242 86 21
4243 84 15
4245 48 35
4245 59 34
4245 67 34
4249 48 37
4254 47 31
4254 69 18
4260 48 33
4262 46 29
4263 69 15
4264 48 36
4269 47 34
4271 55 34
4271 71 38
4273 46 29
4275 48 34
4279 48 30
4281 47 24
4298 59 38
4300 74 55
4301 55 31
4301 78 15
4301 81 17
4305 55 23
4307 50 15
4313 59 38
4319 50 20
4324 59 40
4331 76 51
4332 74 22
4335 62 27
4360 64 49
4363 51 31
4378 51 28
4383 74 36
4388 51 27
4393 81 61
4403 50 18
4419 44 31
4420 57 41
4421 45 42
4437 45 45
4450 71 17
4451 81 11
4500 45 15
4509 62 46
4509 79 31
4510 67 34
4512 71 12
4515 45 18
4532 45 17
4536 59 36
4543 59 33
4546 59 30
4549 59 33
4551 62 25
4558 62 20
4559 59 30
4563 62 24
4564 59 31
4567 64 42
4600 45 10
4600 62 41
4625 65 35
4625 71 24
4627 64 44
4631 45 10
4657 52 39
4657 73 10
4657 81 24
4658 57 35
4658 64 43
4658 69 39
4669 52 24
4677 45 20
4691 33 20
4694 45 21
4699 33 20
4710 33 15
4720 33 10
4765 57 9
4819 69 12
4862 81 23
4864 69 39
4880 66 31
4892 56 33
4893 74 49
4894 57 31
4900 38 24
4905 38 28
4914 38 27
4915 66 15
4921 57 24
4923 45 35
4928 45 39
4948 64 45
4949 71 20
4949 74 54
4949 78 22
4977 78 43
4978 85 19
4979 66 36
4980 40 23
4980 53 33
4984 54 25
4996 54 23
5001 54 24
5008 45 13
5010 57 39
5010 64 15
5010 66 12
5039 62 50
5064 66 11
5065 48 18
5065 69 21
5065 76 49
5067 57 22
5072 66 25
5086 50 18
5093 78 30
5094 73 11
5095 54 21
5104 54 12
5109 73 25
5113 54 11
5117 76 39
5121 81 62
5123 54 32
5123 61 42
5124 42 28
5128 61 42
5129 42 26
5139 54 15
5140 42 27
5145 76 17
5152 76 14
5154 42 22
5155 49 30
5160 76 9
5164 49 26
5179 64 46
5179 71 16
5184 49 31
5193 81 79
5197 49 28
5201 49 29
5209 66 27
5209 73 26
5210 54 27
5214 64 27
5220 64 22
5254 81 27
5267 57 35
5294 82 20
5295 61 36
5295 83 46
5296 80 18
5322 64 37
5323 83 24
5323 85 39
5340 79 36
5352 86 34
5353 55 37
5353 77 17
5354 44 36
5355 62 37
5364 43 26
5371 44 27
5371 55 15
5373 86 10
5375 42 17
5381 63 34
5381 74 16
5382 69 13
5383 42 18
5383 62 45
5386 43 14
5387 50 9
5409 79 50
5409 86 38
5410 69 18
5412 57 39
5440 71 17
5448 59 40
5452 59 38
5457 59 41
5457 76 30
5462 59 44
5464 81 42
5468 85 39
5469 79 14
5470 57 49
5471 45 38
5474 64 17
5485 46 33
5487 45 49
5496 80 29
5496 82 21
5497 83 50
5498 64 37
5498 71 20
5498 74 45
5499 46 31
5501 45 42
5518 57 13
5519 45 34
5525 58 28
5526 69 16
5528 57 44
5533 45 19
5546 73 39
5550 76 44
5553 81 57
5554 79 9
5557 45 24
5572 45 29
5584 78 14
5588 84 9
5592 38 26
5596 38 28
5605 38 30
5613 57 43
5618 45 36
5630 45 38
5641 64 47
5642 71 15
5672 73 21
5673 45 22
5674 54 30
5675 64 30
5694 64 16
5699 54 21
5707 54 18
5715 54 20
5720 54 19
5725 54 14
5728 57 39
5758 62 59
5759 80 29
5759 83 49
5786 48 23
5786 69 22
5786 84 11
5786 85 20
5788 66 13
5798 54 12
5803 54 15
5805 50 18
5813 86 31
5814 55 37
5814 79 27
5815 44 34
5819 55 29
5825 43 24
5832 55 12
5834 43 25
5834 86 9
5839 43 18
5845 43 20
5847 62 44
5866 79 33
5867 81 39
5869 83 47
5875 55 26
5901 73 28
5903 76 37
5903 81 62
5905 45 39
5911 64 50
5921 45 43
5928 55 12
5961 71 19
5962 81 10
5963 45 16
5986 45 16
5990 69 16
5992 57 39
6013 45 15
6016 81 18
6017 71 43
6017 79 50
6019 67 12
6021 62 15
6023 56 35
6026 44 27
6027 57 24
6033 43 18
6033 62 13
6038 62 12
6039 69 29
6040 44 19
6040 57 18
6043 42 17
6043 64 15
6043 73 41
6046 43 30
6047 57 19
6047 90 21
6048 61 32
6048 78 53
6049 66 19
6050 54 35
6057 42 27
6065 42 27
6070 41 19
6073 42 27
6076 80 22
6077 50 38
6077 61 44
6077 69 39
6078 41 34
6080 49 35
6091 49 37
6103 81 76
6104 76 11
6105 64 44
6109 50 31
6111 71 10
6114 49 32
6124 49 27
6133 71 14
6135 74 47
6136 59 40
6136 66 32
6138 48 37
6150 47 29
6193 54 24
6215 47 13
6222 58 36
6222 69 14
6224 57 37
6251 71 45
6252 58 45
6253 47 32
6254 59 48
6264 54 29
6266 59 51
6266 66 12
6268 47 26
6274 54 24
6278 67 31
6279 54 33
6281 74 48
6282 64 27
6283 53 32
6284 40 35
6287 52 37
6290 40 29
6303 52 17
6304 41 31
6309 74 23
6310 47 36
6319 74 17
6325 47 33
6327 74 15
6337 46 29
6338 62 51
6338 69 14
6340 48 35
6344 47 33
6362 47 31
6365 71 37
6368 62 40
6373 64 37
6374 62 37
6375 47 26
6378 62 36
6384 67 28
6385 47 19
6385 62 32
6393 64 27
6395 59 36
6395 78 16
6396 74 52
6400 62 22
6423 51 13
6423 76 46
6452 74 29
6453 67 28
6454 55 33
6454 78 37
6458 78 38
6477 78 18
6483 64 45
6491 69 32
6495 73 42
6496 55 18
6499 76 47
6513 57 40
6514 45 38
6530 45 42
6543 71 13
6570 62 48
6570 81 21
6571 78 11
6573 71 9
6588 59 35
6595 59 34
6597 45 17
6604 62 31
6607 62 32
6615 59 33
6616 64 24
6618 61 40
6620 45 12
6622 60 36
6624 61 40
6629 61 38
6632 61 38
6638 61 37
6643 61 38
6649 61 34
6654 61 32
6658 61 31
6663 61 29
6663 69 15
6664 57 38
6669 61 25
6691 64 42
6692 71 14
6716 57 45
6718 45 45
6721 81 22
6737 45 45
6739 66 25
6751 74 50
6752 57 38
6755 45 36
6756 84 9
6765 38 30
6780 64 14
6781 45 39
6788 45 38
6798 45 44
6807 64 47
6807 71 18
6809 74 48
6809 78 28
6810 69 20
6829 45 23
6836 73 39
6837 54 43
6837 78 45
6838 66 47
6838 74 58
6838 85 17
6843 54 24
6849 54 26
6856 54 21
6861 54 20
6864 64 28
6865 54 22
6868 66 24
6868 69 10
6869 45 13
6870 57 35
6872 64 23
6882 45 13
6889 45 16
6896 62 40
6898 81 10
6900 45 11
6916 57 20
6919 53 21
6923 53 26
6923 69 26
6924 76 49
6925 62 53
6925 84 10
6932 78 9
6936 53 16
6951 54 32
6951 73 43
6952 78 37
6964 54 27
6973 54 29
6975 76 39
6980 81 78
6982 55 19
6983 43 29
6983 61 35
6985 54 19
6986 61 37
6991 61 30
6992 42 25
7000 43 24
7000 54 13
7003 76 16
7010 50 31
7010 61 29
7012 49 33
7023 49 27
7037 64 46
7038 71 17
7039 50 32
7041 49 30
7056 50 31
7058 49 29
7064 81 78
7065 66 30
7065 73 37
7067 54 32
7067 64 25
7072 61 13
7078 64 27
7084 64 37
7104 54 13
7114 81 30
7124 57 33
7152 61 35
7152 83 46
7180 83 15
7181 64 33
7181 85 24
7199 79 29
7210 86 34
7211 55 32
7213 60 32
7214 67 27
7214 74 9
7214 77 20
7215 55 39
7216 44 35
7216 62 38
7222 43 31
7229 42 27
7229 55 17
7232 44 34
7239 63 39
7240 55 11
7241 62 41
7245 43 23
7269 69 23
7269 79 52
7269 82 21
7269 86 39
7271 58 39
7271 85 9
7273 57 30
7276 57 39
7289 79 31
7299 59 31
7302 57 31
7302 59 39
7306 59 37
7309 62 22
7312 59 42
7316 59 40
7319 59 38
7319 76 38
7322 62 19
7324 59 44
7325 81 57
7327 44 40
7328 85 39
7331 45 38
7331 58 35
7333 64 46
7345 45 47
7355 80 29
7355 83 50
7357 71 16
7358 74 31
7361 45 38
7379 45 23
7382 57 37
7383 81 14
7402 73 33
7409 44 38
7409 76 46
7410 79 14
7410 81 59
7411 57 39
7412 45 47
7440 57 34
7441 44 42
7441 78 11
7443 45 35
7443 84 12
7463 38 28
7470 57 36
7470 64 16
7470 81 9
7471 45 38
7486 45 40
7496 71 21
7497 45 35
7497 64 47
7514 51 25
7523 45 18
7527 73 23
7528 54 36
7531 54 33
7536 54 26
7554 54 19
7555 45 9
7563 54 19
7565 45 16
7575 54 21
7581 57 38
7592 45 9
7608 69 47
7608 88 26
7609 42 42
7609 62 57
7612 54 32
7616 54 29
7618 44 10
7626 54 27
7631 54 25
7638 73 42
7641 66 19
7643 54 26
7653 54 25
7663 54 25
7665 71 52
7666 67 42
7667 56 26
7668 77 19
7670 43 32
7670 55 38
7671 90 9
7675 43 32
7679 54 11
7683 55 19
7685 43 32
7697 69 18
7700 50 21
7701 69 17
7712 50 17
7720 55 35
7720 77 26
7721 44 26
7723 78 51
7724 55 42
7744 78 28
7750 71 20
7754 45 37
7754 69 33
7754 73 39
7754 76 49
7756 44 41
7758 45 44
7762 64 50
7807 71 18
7809 45 20
7835 45 31
7837 57 48
7838 85 16
7843 45 14
7847 45 21
7858 45 15
7865 45 32
7865 67 40
7865 74 52
7865 81 12
7866 62 31
7866 71 17
7871 57 38
7873 44 29
7879 43 20
7879 64 41
7879 71 18
7890 42 9
7893 43 20
7896 42 42
7896 69 43
7896 73 53
7896 78 42
7897 56 38
7897 60 31
7897 66 49
7899 61 37
7907 42 29
7914 54 18
7915 42 32
7922 60 35
7923 83 13
7924 61 44
7924 77 14
7924 92 9
7927 49 35
7928 69 29
7937 49 35
7950 76 18
7951 64 48
7951 71 27
7951 81 79
7953 50 33
7955 49 30
7956 69 14
7958 49 29
7962 49 29
7971 49 32
7974 69 12
7977 73 14
7981 49 23
7983 74 47
7984 50 24
7984 78 51
7987 59 42
7989 48 37
7993 47 32
8000 47 36
8039 73 25
8040 54 35
8061 47 15
8067 58 36
8068 69 19
8069 57 40
8070 73 33
8082 57 36
8092 57 32
8095 71 59
8096 66 35
8097 73 30
8098 57 35
8123 53 38
8123 64 29
8123 90 12
8124 59 38
8124 74 20
8125 40 31
8126 52 37
8129 40 34
8142 52 18
8143 40 22
8153 48 36
8154 59 36
8155 47 32
8168 47 28
8180 46 30
8181 74 15
8182 62 54
8182 84 12
8183 48 39
8183 73 50
8184 69 18
8185 46 33
8198 48 29
8199 79 20
8200 67 28
8202 48 33
8211 47 28
8212 55 32
8248 50 24
8251 55 15
8257 50 21
8257 73 11
8262 73 27
8265 59 42
8272 62 23
8295 79 49
8295 86 28
8296 67 43
8296 74 54
8297 81 13
8298 62 45
8302 50 24
8310 71 39
8325 64 44
8331 59 20
8335 50 16
8345 59 27
8346 50 30
8352 73 34
8353 80 36
8354 42 38
8354 51 36
8354 68 45
8354 74 51
8354 87 21
8355 58 37
8358 59 49
8359 41 40
8359 64 23
8360 52 38
8365 41 39
8367 40 35
8372 41 32
8377 41 28
8377 52 20
8383 41 37
8384 47 32
8386 40 32
8388 47 30
8392 74 22
8396 46 22
8399 47 25
8400 74 18
8403 47 29
8409 74 9
8413 64 48
8413 86 10
8414 52 28
8418 47 31
8422 52 15
8431 47 28
8440 56 39
8445 47 22
8465 47 16
8469 59 37
8469 74 53
8469 78 13
8470 41 39
8477 42 19
8483 52 22
8488 41 21
8491 52 19
8498 52 19
8498 76 54
8502 52 29
8524 64 40
8527 52 28
8547 52 13
8547 74 36
8551 51 16
8553 81 84
8553 84 12
8554 56 48
8582 58 36
8583 44 43
8583 79 17
8584 57 58
8584 92 18
8586 45 46
8601 45 53
8612 71 10
8624 85 19
8640 71 51
8641 78 21
8642 44 40
8642 59 48
8642 64 37
8642 92 10
8645 69 11
8646 45 28
8649 59 46
8653 73 21
8654 59 46
8657 59 47
8657 69 18
8660 59 49
8665 45 27
8665 61 37
8666 64 29
8668 59 45
8670 60 47
8674 64 25
8675 58 46
8678 59 45
8679 45 26
8679 64 46
8681 59 43
8684 60 41
8685 61 35
8687 60 42
8688 61 34
8691 61 34
8696 57 47
8696 81 83
8696 85 22
8697 76 52
8698 44 43
8698 90 10
8700 57 50
8701 45 20
8707 45 23
8713 73 30
8720 45 20
8723 57 36
8726 57 35
8726 69 40
8733 57 32
8736 45 13
8736 57 36
8737 71 17
8745 71 15
8747 45 21
8754 85 25
8754 88 42
8755 56 22
8755 83 52
8758 57 29
8764 45 21
8770 85 20
8771 52 13
8774 57 34
8777 71 23
8779 45 16
8784 51 13
8785 45 21
8795 44 34
8796 57 45
8797 45 41
8799 73 11
8810 64 9
8811 58 29
8811 74 52
8812 46 37
8814 45 42
8816 52 36
8816 79 11
8820 45 28
8824 33 24
8833 34 29
8833 61 10
8841 33 29
8847 33 31
8853 64 29
8855 59 39
8857 41 40
8859 81 37
8860 36 37
8862 74 23
8867 74 52
8868 69 40
8869 44 51
8869 57 44
8871 45 45
8874 52 30
8876 57 38
8878 45 48
8882 52 41
8882 64 48
8887 44 46
8890 44 50
8893 45 47
8896 45 48
8896 73 56
8897 57 59
8897 79 34
8897 92 27
8898 83 17
8900 45 55
8904 52 31
8914 52 28
8915 45 56
8916 92 9
8929 45 53
8935 52 19
8941 79 13
8950 69 46
8951 59 33
8951 85 15
8951 88 26
8952 61 40
8952 79 13
8953 57 55
8954 45 43
8956 64 22
8958 45 38
8964 33 16
8980 44 36
8980 79 13
8982 64 29
8983 45 38
8997 64 18
8998 45 41
9010 64 28
9011 46 32
9013 44 40
9013 58 43
9013 73 23
9014 52 29
9018 45 35
9018 60 34
9021 60 31
9024 57 39
9027 45 44
9036 58 33
9038 45 37
9039 58 30
9040 81 82
9041 56 31
9041 78 17
9042 69 49
9042 74 45
9042 88 23
9043 84 13
9044 39 29
9044 58 30
9046 44 30
9051 57 23
9052 38 20
9057 50 14
9066 50 18
9077 38 20
9084 64 31
9086 45 41
9098 78 50
9101 74 9
9101 84 10
9102 50 32
9102 62 48
9105 45 44
9114 46 32
9114 57 36
9119 84 11
9122 45 35
9123 78 46
9127 83 49
9128 74 50
9129 40 43
9133 46 29
9133 54 31
9140 54 28
9144 62 14
9157 35 31
9159 36 34
9161 35 31
9166 35 29
9177 35 29
9183 48 36
9183 59 53
9185 75 12
9185 81 10
9187 47 35
9189 35 19
9193 54 14
9195 35 17
9197 46 30
9198 73 31
9199 47 38
9199 54 31
9207 54 16
9211 54 30
9212 83 12
9214 47 40
9227 80 12
9229 47 36
9230 59 51
9238 78 49
9240 81 19
9241 59 46
9241 62 55
9246 47 29
9247 59 43
9247 62 41
9250 62 53
9252 59 51
9254 47 47
9255 66 47
9256 75 17
9257 59 58
9258 62 34
9269 47 35
9280 47 30
9282 54 29
9282 69 41
9282 81 79
9283 74 46
9284 42 40
9287 84 16
9288 59 37
9295 38 23
9301 38 20
9301 57 23
9306 38 29
9309 50 21
9310 38 28
9317 78 28
9318 38 26
9326 57 33
9326 64 16
9327 45 42
9330 45 39
9330 74 9
9340 62 55
9340 78 20
9340 83 31
9341 50 38
9341 69 17
9341 84 33
9341 85 43
9346 45 37
9356 57 23
9357 78 9
9360 45 37
9369 80 33
9369 83 49
9370 78 22
9374 45 23
9374 54 28
9374 78 26
9375 81 22
9383 35 29
9387 62 13
9393 35 30
9394 78 15
9400 47 25
9402 35 32
9402 74 14
9410 35 28
9428 35 25
9432 48 25
9432 59 44
9435 35 16
9435 47 21
9438 75 26
9439 54 13
9446 47 31
9447 54 10
9459 69 48
9461 58 42
9461 62 46
9463 57 34
9464 47 35
9466 57 32
9469 57 36
9473 57 30
9476 57 29
9478 58 36
9487 66 37
9488 58 34
9488 73 29
9489 54 40
9489 62 27
9491 58 31
9492 47 29
9492 54 39
9501 48 28
9502 54 33
9502 75 16
9504 59 49
9506 47 26
9511 54 27
9512 47 20
9515 63 40
9515 78 49
9516 88 23
9517 42 37
9517 57 44
9517 66 47
9517 74 28
9517 85 25
9518 62 45
9520 57 48
9521 47 32
9521 84 11
9528 38 27
9535 39 31
9541 38 25
9544 50 26
9550 45 42
9555 45 41
9565 45 46
9577 64 35
9579 63 45
9580 62 49
9582 45 34
9587 45 38
9600 45 24
9606 81 54
9607 44 15
9619 50 14
9631 45 17
9634 78 35
9635 64 37
9635 86 37
9636 73 25
9637 55 46
9637 66 31
9639 54 42
9640 62 29
9642 45 24
9643 64 24
9647 62 50
9648 54 28
9650 45 20
9655 54 25
9666 57 40
9671 45 16
9677 84 18
9677 85 44
9678 76 46
9708 83 45
9726 66 10
9727 50 24
9740 50 23
9748 73 35
9749 54 13
9754 76 47
9756 81 60
9758 66 23
9759 61 45
9760 43 31
9760 54 34
9762 42 26
9763 61 38
9774 54 16
9776 42 29
9784 76 17
9786 61 43
9788 49 31
9791 76 14
9795 77 10
9798 76 12
9800 49 30
9811 73 48
9811 81 23
9812 42 35
9812 64 50
9812 78 49
9813 71 20
9814 69 48
9815 50 33
9817 49 32
9820 49 28
9820 71 14
9826 61 28
9828 50 29
9828 71 11
9831 61 27
9832 50 32
9834 49 24
9835 78 25
9836 61 29
9836 71 9
9841 76 53
9845 54 37
9875 54 23
9887 54 25
9896 54 21
9901 58 35
9901 78 50
9903 57 42
9907 57 39
9918 49 12
9923 78 30
9933 61 38
9959 64 32
9979 71 28
9984 74 47
9988 76 16
9989 44 39
9989 67 22
9989 77 15
9989 79 51
9990 55 35
9990 62 33
9992 44 34
9994 62 54
9996 43 28
10004 55 16
10006 44 31
10012 43 18
10019 69 16
10022 43 15
10023 50 11
10031 81 79
10032 73 43
10033 76 35
10044 55 32
10065 73 41
10071 76 40
10073 83 50
10075 56 36
10076 69 16
10077 45 37
10077 57 38
10089 64 20
10091 46 30
10093 45 44
10127 71 17
10128 45 23
10128 64 46
10132 45 18
10154 81 80
10155 73 42
10156 69 15
10158 57 32
10162 45 10
10170 45 17
10184 67 30
10184 71 43
10184 77 23
10184 91 27
10185 44 38
10185 62 37
10185 79 52
10189 43 34
10190 55 37
10192 44 39
10205 44 33
10207 81 27
10212 57 33
10212 69 41
10213 73 41
10215 45 38
10215 76 21
10216 61 42
10216 78 56
10217 66 30
10218 42 37
10222 54 39
10234 42 32
10245 50 39
10245 61 41
10250 49 31
10258 49 35
10272 81 76
10274 73 41
10275 64 39
10275 71 10
10276 69 25
10283 49 30
10293 49 25
10303 48 42
10303 59 46
10305 74 51
10308 66 18
10310 47 35
10319 47 35
10359 54 33
10360 66 39
10360 73 22
10387 57 43
10387 74 54
10387 76 9
10387 85 20
10396 85 10
10415 71 33
10416 47 38
10416 59 50
10429 54 35
10429 73 30
10430 46 31
10432 47 34
10438 54 28
10438 59 41
10445 54 39
10446 74 54
10446 79 26
10447 55 37
10447 71 22
10448 58 31
10448 64 30
10449 41 41
10450 59 49
10452 52 39
10456 40 28
10465 39 21
10466 52 20
10469 41 33
10475 47 32
10478 47 35
10485 47 31
10487 75 10
10490 47 34
10490 74 20
10499 74 16
10503 47 36
10503 62 54
10503 84 14
10504 69 23
10504 78 15
10515 47 35
10522 48 36
10526 47 32
10529 71 28
10530 64 50
10533 71 42
10534 45 30
10536 62 45
10537 48 29
10537 64 47
10541 47 26
10543 62 44
10546 64 38
10548 62 42
10555 62 40
10556 67 15
10558 64 38
10560 58 32
10560 71 29
10561 74 54
10562 59 37
10563 41 29
10565 51 24
10566 67 13
10568 50 17
10570 64 30
10574 50 17
10580 50 18
10587 67 28
10590 55 24
10595 55 20
10595 62 22
10605 55 18
10611 48 19
10614 50 24
10617 76 43
10618 74 23
10619 62 18
10619 81 81
10627 62 11
10636 62 12
10646 62 10
10650 64 27
10660 76 54
10661 69 53
10662 42 32
10662 53 33
10662 64 47
10662 73 23
10677 45 44
10677 57 49
10677 79 11
10694 45 50
10707 71 15
10734 53 30
10735 46 34
10735 88 27
10736 74 14
10737 44 42
10737 62 44
10738 57 40
10739 45 31
10739 76 10
10746 44 11
10761 45 26
10768 64 37
10771 45 24
10775 80 22
10776 57 40
10776 61 42
10776 64 35
10782 45 23
10782 64 29
10787 45 24
10787 64 27
10791 45 16
10792 64 24
10796 45 24
10797 64 22
10800 45 13
10802 64 21
10804 45 18
10807 64 30
10809 74 12
10810 61 52
10812 62 49
10813 45 24
10836 88 25
10837 44 39
10838 57 31
10838 83 12
10839 64 40
10843 45 19
10852 64 38
10853 57 18
10858 45 23
10866 45 27
10869 76 17
10869 78 11
10870 59 45
10870 64 43
10871 83 9
10875 45 10
10879 45 47
10891 59 42
10899 59 44
10911 58 43
10913 78 12
10913 81 78
10913 83 12
10914 74 42
10917 59 20
10930 57 18
10938 38 22
10941 57 40
10943 45 33
10948 45 34
10958 45 38
10968 73 30
10968 78 50
10969 62 52
10969 69 48
10971 56 22
10973 45 36
10985 84 15
10998 79 25
10998 82 26
10999 83 51
11000 54 39
11002 37 26
11002 78 37
11004 54 32
11009 36 22
11017 35 26
11026 35 34
11028 78 15
11032 74 14
11036 35 30
11047 35 31
11051 48 36
11051 59 50
11053 35 23
11053 75 14
11053 81 11
11054 47 36
11057 35 23
11058 54 16
11061 35 17
11067 47 41
11067 66 20
11067 73 23
11068 54 25
11097 80 16
11098 59 48
11101 36 12
11101 59 47
11106 61 36
11108 74 15
11109 81 18
11110 62 51
11117 62 52
11117 73 11
11121 62 37
11122 60 41
11123 66 47
11124 61 52
11125 71 11
11125 75 16
11126 85 21
11130 59 45
11131 54 12
11136 54 11
11139 71 19
11141 47 29
11141 59 48
11142 54 14
11151 54 10
11155 47 34
11156 69 51
11156 88 27
11157 62 54
11158 84 15
11163 57 35
11165 58 40
11169 57 34
11171 38 22
11177 37 20
11183 38 29
11186 78 26
11187 66 31
11188 38 24
11201 45 36
11209 45 43
11213 71 52
11214 69 35
11215 73 53
11217 45 45
11219 69 32
11244 53 35
11244 75 15
11244 78 30
11245 66 35
11245 81 25
11246 37 34
11246 54 28
11249 44 30
11249 69 10
11250 81 25
11252 75 16
11255 81 11
11256 35 24
11267 48 19
11271 46 14
11274 47 45
11276 35 30
11288 35 26
11294 35 26
11303 71 19
11304 35 19
11304 75 15
11330 68 31
11330 81 47
11330 88 31
11331 62 42
11332 69 53
11333 58 37
11335 47 34
11338 47 34
11343 47 33
11343 58 34
11350 58 31
11351 47 31
11359 66 23
11361 46 25
11361 73 13
11363 71 12
11364 47 20
11369 54 21
11371 59 44
11373 47 31
11389 62 49
11390 78 29
11390 84 21
11391 57 50
11391 66 30
11392 88 10
11394 57 48
11395 37 23
11395 85 15
11398 38 22
11404 50 19
11413 38 25
11420 38 21
11426 38 19
11429 50 27
11430 38 19
11483 93 20
11514 81 20
11515 55 14
11515 90 27
11517 50 14
11533 69 16
11538 93 10
11539 90 9
11562 97 23
11603 80 15
11603 86 19
11603 95 25
11636 88 9
11638 54 28
11638 64 32
11638 93 23
11664 61 33
11665 81 48
11666 90 39
11670 55 17
11675 54 15
11684 90 20
11689 93 14
11693 81 55
11694 88 18
11695 66 23
11726 76 39
11727 90 28
11729 69 31
11747 90 14
11780 73 27
11808 76 35
11835 81 48
11855 83 19
11863 86 12
11865 67 19
11866 55 29
11866 74 9
11867 95 23
11894 62 39
11910 81 18
11910 90 34
11913 55 14
11925 67 29
11929 90 15
11954 93 15
11956 69 13
11958 57 36
11964 93 15
12011 64 35
12041 81 25
12042 69 45
12066 55 37
12066 74 22
12067 83 23
12068 91 36
12073 55 49
12085 91 21
12097 66 28
12098 73 21
12099 90 47
12102 54 28
12117 90 29
12125 81 43
12126 61 38
12130 54 16
12154 64 41
12154 83 19
12155 90 19
12183 78 34
12184 93 12
12185 71 15
12185 86 11
12186 59 39
12212 78 10
12244 66 25
12271 71 42
12272 86 25
12273 78 32
12276 59 12
12294 78 20
12301 59 36
12303 88 18
12322 88 21
12330 64 49
12330 86 12
12331 81 15
12331 90 40
12348 90 22
12358 59 36
12394 62 37
12399 59 31
12405 59 35
12407 62 32
12414 62 27
12419 83 22
12436 62 14
12438 79 36
12439 52 10
12441 82 39
12444 64 23
12448 86 21
12449 67 24
12450 74 12
12451 62 37
12452 55 30
12452 58 35
12454 70 9
12455 58 35
12484 58 20
12493 58 19
12500 58 17
12508 87 22
12512 55 14
12518 58 19
12518 88 18
12520 55 14
12570 78 39
12577 81 43
12578 62 46
12579 48 14
12579 69 9
12582 86 20
12594 78 18
12609 69 20
12610 57 34
12640 74 12
12641 62 31
12670 74 39
12672 64 36
12699 62 22
12803 78 28
12807 78 30
12819 79 38
12831 78 10
12835 62 46
12836 69 13
12836 81 55
12866 74 48
12868 57 35
12895 64 37
12896 83 9
12923 81 77
12924 66 28
12928 57 10
12974 81 20
12982 69 30
13013 74 35
13039 76 48
13042 62 37
13044 78 39
13067 78 19
13073 49 33
13073 61 47
13102 57 28
13102 81 44
13131 81 58
13139 49 14
13162 73 29
13163 64 32
13195 49 10
13209 81 14
13222 57 34
13250 81 22
13251 69 43
13254 61 17
13279 78 39
13280 64 36
13285 57 9
13294 79 30
13303 78 19
13309 81 60
13310 72 36
13312 60 50
13312 79 13
13313 48 39
13316 48 39
13319 79 9
13327 48 37
13342 69 16
13345 57 38
13353 81 75
13354 72 40
13354 76 9
13376 59 38
13377 48 21
13381 58 32
13383 59 41
13389 59 39
13395 59 37
13399 59 46
13399 72 36
13403 60 50
13404 67 9
13429 81 82
13430 48 15
13430 60 45
13433 69 38
13475 87 18
13479 57 30
13479 88 34
13485 60 39
13519 78 31
13522 81 57
13523 69 28
13527 86 23
13547 78 12
13554 58 38
13555 47 35
13556 59 44
13570 47 32
13582 55 29
13582 81 10
13583 74 15
13614 69 15
13615 58 40
13617 57 36
13620 57 38
13623 57 38
13630 57 36
13632 47 15
13633 57 31
13635 58 31
13637 57 33
13640 57 30
13640 62 39
13640 79 32
13640 81 19
13641 67 37
13643 57 30
13665 57 24
13693 47 10
13704 62 35
13732 55 33
13747 71 44
13761 47 36
13761 74 51
13761 78 10
13762 59 57
13774 76 47
13776 47 48
13792 53 40
13792 66 16
13792 79 35
13792 81 38
13793 90 22
13794 78 51
13796 36 22
13798 54 32
13803 35 18
13803 54 30
13808 47 28
13815 35 25
13819 47 29
13820 35 29
13820 75 27
13822 46 39
13822 90 19
13823 36 31
13823 78 40
13824 47 45
13824 81 19
13828 35 27
13835 54 17
13836 46 34
13838 35 22
13838 47 44
13838 78 28
13843 35 24
13848 54 34
13850 35 18
13850 74 45
13854 35 18
13858 35 12
13876 54 14
13881 78 12
13882 66 10
13883 46 37
13885 47 35
13903 78 22
13939 47 35
13945 75 10
13954 47 35
13965 78 28
13966 81 13
13967 62 43
13967 66 46
13968 54 31
13969 73 23
13970 47 33
13995 48 31
13997 71 23
13997 73 49
13998 59 32
14000 47 18
14001 54 11
14007 62 17
14009 47 29
14010 74 49
14012 54 15
14016 62 14
14025 55 23
14025 73 39
14026 61 33
14026 76 52
14027 60 30
14030 47 17
14030 54 31
14031 61 32
14035 42 25
14043 54 16
14046 42 21
14050 42 15
14056 73 12
14057 61 29
14058 49 28
14058 66 31
14069 49 27
14083 69 34
14084 71 45
14085 64 45
14088 49 34
14097 69 22
14104 69 17
14105 49 23
14112 69 48
14113 61 39
14114 54 29
14127 49 12
14134 64 20
14145 54 16
14149 54 16
14154 54 19
14158 54 16
14162 54 19
14175 57 33
14208 57 23
14232 66 30
14233 69 40
14235 54 29
14256 54 19
14262 41 32
14262 64 27
14262 70 40
14263 59 45
14264 74 18
14266 71 47
14267 52 29
14270 53 32
14271 40 28
14272 74 11
14282 52 14
14284 41 29
14290 40 23
14295 74 47
14296 47 29
14311 47 28
14321 47 26
14324 62 52
14324 74 52
14324 79 26
14326 48 30
14326 67 31
14328 47 26
14334 47 25
14351 47 26
14352 69 16
14353 55 30
14354 71 37
14362 47 20
14376 47 18
14381 55 27
14382 78 9
14391 59 34
14393 55 19
14399 62 24
14405 55 12
14411 76 52
14420 55 17
14425 55 10
14438 64 44
14445 55 9
14458 74 32
14469 67 14
14469 81 78
14471 55 17
14498 45 36
14498 57 38
14514 46 30
14516 45 42
14519 81 21
14529 71 15
14557 57 40
14581 45 16
14586 62 39
14588 58 38
14598 58 37
14611 58 35
14613 59 34
14614 62 23
14616 59 31
14625 59 31
14636 62 11
14638 59 26
14645 61 37
14646 45 13
14646 80 9
14653 61 39
14674 64 51
14675 71 20
14678 61 32
14683 61 29
14686 61 32
14691 61 29
14701 56 30
14701 61 25
14702 45 34
14703 57 35
14709 61 22
14714 61 18
14720 45 35
14730 61 23
14733 45 35
14733 51 36
14735 52 39
14737 45 34
14737 61 33
14743 44 30
14745 69 13
14748 33 23
14753 57 17
14769 33 23
14775 33 23
14786 33 17
14803 45 20
14812 61 10
14920 81 22
14921 69 42
14940 66 31
14954 74 47
14955 57 31
14961 38 23
14967 38 22
14972 50 11
14976 38 24
14983 56 34
14984 45 40
14984 64 42
14999 46 29
15001 45 43
15012 74 55
15013 78 21
15039 66 47
15041 44 30
15043 54 25
15048 54 21
15055 54 19
15070 57 38
15076 45 16
15093 45 16
15099 62 39
15099 81 15
15125 78 18
15126 66 23
15126 76 48
15153 78 37
15154 62 46
15154 69 11
15172 73 28
15175 78 19
15180 76 33
15184 66 28
15185 81 80
15186 54 31
15186 61 38
15187 42 31
15189 61 43
15194 61 36
15202 54 16
15203 42 29
15203 76 17
15209 42 20
15210 76 13
15212 49 35
15213 61 47
15213 77 13
15225 49 36
15241 64 49
15241 71 23
15251 49 28
15259 50 35
15261 49 28
15270 61 36
15271 54 31
15277 64 28
15296 66 19
15298 64 21
15298 69 14
15299 57 36
15318 57 30
15322 81 27
15324 55 29
15326 53 30
15334 53 28
15340 57 22
15351 53 27
15356 53 25
15356 64 43
15357 83 31
15362 54 18
15366 54 19
15370 54 20
15382 57 38
15385 85 40
15388 81 21
15401 79 34
15409 83 17
15414 44 39
15414 62 55
15414 67 28
15414 77 21
15415 86 32
15417 43 38
15419 55 45
15420 42 30
15422 43 31
15429 42 24
15429 55 19
15432 44 31
15434 43 29
15436 42 16
15444 69 15
15448 50 13
15451 43 11
15462 43 13
15471 79 52
15472 76 14
15472 86 34
15473 69 20
15476 57 42
15492 79 31
15503 59 41
15507 59 37
15510 59 37
15515 58 42
15517 59 41
15520 59 38
15521 76 45
15526 71 10
15527 81 49
15528 59 37
15531 82 25
15531 85 44
15532 58 37
15532 69 16
15533 44 38
15536 57 39
15537 45 45
15538 64 49
15559 81 26
15560 83 45
15561 71 14
15561 74 39
15565 52 10
15588 57 49
15589 85 13
15590 51 13
15593 45 20
15614 45 9
15615 73 37
15618 44 33
15619 81 77
15623 45 44
15649 78 15
15650 57 28
15651 45 40
15652 84 11
15659 38 31
15659 57 28
15667 38 29
15673 38 31
15677 64 33
15678 45 38
15682 73 10
15695 45 42
15706 71 23
15708 45 34
15708 64 51
15708 86 9
15710 52 18
15722 51 26
15737 73 23
15739 55 33
15742 54 31
15749 54 26
15763 45 14
15768 45 17
15794 57 33
15818 57 18
15824 74 21
15824 81 18
15825 62 56
15825 79 33
15825 83 24
15826 66 27
15829 73 15
15829 79 33
15834 57 13
15844 57 23
15848 79 27
15853 66 23
15853 85 20
15854 69 13
15861 66 29
15865 73 19
15868 54 31
15877 54 28
15879 83 14
15883 45 30
15884 81 15
15884 86 32
15885 44 38
15885 55 45
15885 77 18
15888 44 34
15891 55 28
15896 43 23
15901 55 20
15903 44 26
15906 86 9
15910 55 9
15914 63 36
15914 74 13
15915 69 12
15916 62 42
15919 43 10
15934 50 11
15939 74 50
15941 55 39
15943 83 29
15968 73 37
15972 76 40
15974 81 60
15975 45 37
15976 57 42
15978 62 22
15985 64 13
15993 45 45
16027 65 29
16028 71 17
16029 64 42
16036 81 9
16057 45 13
16059 57 39
16066 45 19
16087 79 34
16088 67 18
16088 71 30
16088 77 13
16089 62 31
16091 43 30
16094 43 23
16099 44 32
16099 57 30
16105 44 31
16108 69 42
16111 44 26
16112 79 23
16115 73 41
16117 71 13
16118 44 31
16119 78 33
16120 76 14
16121 42 40
16121 61 37
16122 66 22
16127 42 26
16137 42 28
16143 78 44
16144 42 24
16148 41 35
16148 49 29
16148 73 43
16149 61 42
16152 42 29
16152 49 30
16155 49 27
16159 48 29
16161 49 31
16166 78 39
16172 49 31
16175 49 32
16175 81 78
16178 48 31
16178 64 43
16178 71 13
16186 49 29
16186 71 9
16196 49 28
16205 58 31
16205 78 11
16206 74 48
16207 59 42
16207 66 32
16208 48 42
16211 47 30
16214 47 33
16221 47 33
16261 66 19
16262 54 27
16262 73 9
16282 47 16
16292 58 40
16292 69 17
16294 57 40
16320 71 43
16324 57 29
16331 66 33
16332 73 22
16334 54 38
16336 47 12
16343 47 13
16343 54 32
16345 79 22
16348 67 39
16349 54 24
16349 59 45
16350 41 31
16350 73 32
16351 64 30
16352 40 33
16352 53 39
16352 74 52
16354 52 38
16359 40 30
16368 52 21
16370 40 31
16372 41 32
16374 40 27
16381 47 33
16384 74 23
16392 74 18
16396 47 29
16401 74 14
16408 53 23
16409 47 35
16409 69 24
16410 62 54
16410 84 13
16414 78 9
16415 48 31
16426 48 30
16426 71 39
16430 48 32
16435 47 29
16439 64 46
16440 51 29
16442 62 46
16444 64 45
16447 47 24
16448 62 45
16453 62 42
16458 79 18
16459 67 25
16465 62 39
16468 74 50
16469 52 23
16469 59 34
16470 64 33
16473 50 24
16493 51 21
16495 76 51
16496 62 25
16498 51 24
16508 51 23
16516 74 12
16518 51 25
16519 62 18
16523 77 35
16525 55 37
16526 74 22
16526 78 50
16527 44 32
16530 59 27
16536 50 28
16538 55 28
16552 55 19
16553 62 11
16556 51 26
16558 64 30
16561 51 23
16563 55 20
16566 69 31
16567 55 18
16569 50 22
16569 73 41
16572 76 47
16575 55 27
16577 50 12
16577 59 10
16585 44 40
16585 57 48
16588 45 47
16598 64 46
16615 71 15
16643 81 38
16644 53 35
16644 69 49
16644 88 23
16645 41 33
16645 62 44
16648 44 27
16648 57 36
16673 45 21
16676 64 41
16678 52 15
16681 45 18
16686 61 41
16692 45 25
16693 52 18
16694 61 40
16711 45 18
16725 52 11
16734 59 43
16734 65 32
16735 76 16
16735 78 12
16735 83 21
16736 52 11
16736 64 39
16741 59 39
16744 59 41
16755 45 9
16762 69 37
16763 51 30
16763 65 38
16764 73 23
16765 64 42
16765 80 12
16766 52 16
16766 59 39
16769 59 42
16770 45 17
16774 59 34
16777 61 33
16783 45 13
16786 59 38
16789 59 39
16791 58 30
16791 61 34
16792 45 47
16793 57 51
16794 61 30
16820 58 36
16821 66 38
16821 74 50
16822 57 41
16823 61 17
16824 45 35
16834 38 20
16841 38 25
16848 38 23
16852 45 42
16856 45 41
16860 64 51
16869 45 47
16880 74 57
16881 71 25
16881 78 22
16883 45 36
16910 44 27
16910 78 27
16911 66 43
16914 54 26
16916 45 13
16919 54 22
16928 54 23
16928 64 24
16932 45 17
16935 64 19
16937 54 17
16939 58 30
16939 66 20
16940 69 13
16941 57 36
16943 64 21
16946 45 21
16967 81 21
16968 62 59
16994 76 51
16996 84 9
17007 57 16
17015 57 12
17024 66 33
17024 73 23
17024 78 35
17025 54 38
17034 54 30
17044 73 28
17045 54 28
17047 76 45
17051 54 33
17053 81 80
17054 61 35
17055 54 30
17060 42 23
17070 41 17
17070 54 14
17073 43 22
17074 76 18
17081 49 32
17081 60 32
17081 76 17
17082 73 44
17083 50 30
17083 61 37
17083 77 12
17085 49 32
17096 49 30
17110 71 21
17111 64 46
17112 50 37
17112 61 24
17114 49 34
17130 61 17
17131 49 29
17140 54 35
17141 61 13
17145 61 16
17161 64 18
17168 64 19
17170 69 16
17171 57 36
17189 81 28
17197 61 38
17198 57 26
17207 57 23
17226 83 51
17228 76 11
17229 64 36
17254 57 40
17273 79 27
17281 83 17
17285 86 23
17286 44 34
17286 62 48
17286 67 25
17286 77 18
17289 43 29
17291 55 34
17294 43 27
17301 42 22
17303 55 18
17305 44 31
17307 43 23
17315 69 13
17319 43 17
17320 50 10
17341 55 29
17341 86 41
17342 69 27
17342 78 23
17342 79 33
17345 57 47
17345 85 9
17368 79 15
17372 58 43
17372 71 21
17374 59 43
17381 62 22
17382 58 46
17384 59 48
17384 67 28
17384 74 21
17387 59 42
17393 59 44
17397 59 41
17400 59 40
17401 83 27
17402 76 32
17402 85 42
17403 57 51
17404 44 37
17404 64 19
17404 74 13
17408 45 40
17422 45 47
17430 64 39
17430 71 19
17430 74 37
17430 83 42
17433 52 10
17436 45 42
17452 57 42
17481 73 44
17485 81 79
17486 79 15
17489 44 31
17491 45 30
17505 45 33
17509 45 34
17516 78 14
17519 84 15
17524 38 18
17528 38 23
17535 38 24
17538 50 15
17544 64 15
17545 45 38
17550 73 12
17562 45 43
17570 73 10
17571 65 40
17572 71 19
17572 76 12
17573 64 47
17601 73 25
17602 45 26
17607 54 26
17612 54 24
17625 45 17
17625 54 21
17631 54 19
17635 54 22
17640 54 19
17649 54 16
17658 81 9
17659 57 40
17665 45 10
17684 62 53
17685 79 45
17685 81 23
17686 67 42
17713 84 10
17714 73 43
17715 57 12
17728 54 30
17731 54 27
17737 54 28
17743 71 51
17743 79 31
17744 81 22
17744 90 14
17745 44 33
17745 55 40
17745 77 19
17748 43 33
17750 90 11
17752 43 29
17755 43 26
17760 55 17
17764 43 31
17768 43 27
17778 43 17
17779 69 10
17788 71 11
17791 43 10
17793 50 12
17795 43 11
17801 67 32
17802 55 37
17802 79 38
17803 90 30
17804 78 53
17809 55 29
17817 71 12
17822 43 17
17833 73 39
17835 69 33
17836 57 45
17836 76 48
17838 45 43
17838 71 16
17849 64 20
17852 46 33
17854 45 47
17890 71 17
17891 64 45
17910 45 12
17918 44 25
17919 58 41
17919 85 19
17920 69 26
17921 57 48
17924 45 22
17940 45 32
17947 71 21
17948 67 43
17948 74 49
17948 77 22
17949 44 43
17949 62 38
17953 81 10
17955 44 32
17956 56 36
17958 57 31
17961 44 31
17964 64 37
17966 43 29
17968 44 31
17970 77 11
17971 57 28
17972 71 11
17976 57 26
17978 73 58
17979 78 29
17980 44 45
17981 61 43
17981 76 18
17983 43 40
17983 54 33
17984 64 30
17988 42 28
17989 64 21
17998 42 31
18006 66 34
18010 61 31
18013 49 29
18016 42 16
18022 49 33
18036 64 45
18037 71 15
18037 81 79
18040 50 30
18042 49 30
18052 61 42
18055 49 42
18065 71 30
18068 49 40
18068 74 46
18069 78 51
18073 48 48
18077 59 43
18078 48 43
18089 47 37
18096 47 32
18100 47 32
18106 47 35
18126 66 37
18127 73 54
18128 54 34
18130 47 28
18147 47 22
18156 69 16
18157 57 36
18157 71 13
18157 92 9
18161 57 36
18178 57 31
18184 58 36
18184 71 52
18186 59 39
18187 47 23
18192 59 36
18196 59 37
18198 54 39
18198 73 25
18200 47 18
18204 58 31
18206 59 30
18207 54 34
18212 79 30
18214 59 48
18214 64 23
18214 67 42
18215 73 33
18217 53 41
18218 64 32
18219 40 36
18219 52 36
18221 53 41
18221 74 22
18225 52 35
18226 40 34
18236 40 24
18241 73 53
18243 41 31
18247 47 31
18260 47 30
18270 62 52
18270 69 15
18271 84 9
18273 48 34
18277 47 35
18281 47 33
18290 59 29
18294 47 31
18299 55 44
18299 71 42
18299 79 28
18300 67 45
18301 47 31
18309 47 23
18314 47 19
18323 73 16
18358 59 40
18358 71 46
18359 78 11
18362 55 32
18372 55 29
18386 74 57
18387 62 34
18387 81 13
18389 55 30
18390 62 39
18392 59 34
18403 59 33
18408 59 33
18410 62 35
18415 59 34
18415 64 49
18421 55 22
18425 51 16
18428 55 41
18433 59 23
18443 74 49
18443 80 23
18444 68 44
18445 42 38
18446 59 45
18448 41 38
18451 52 39
18453 40 36
18465 52 20
18467 41 27
18470 39 37
18473 78 12
18474 47 36
18474 59 44
18477 47 35
18480 75 19
18482 74 23
18489 47 34
18490 74 19
18498 75 11
18499 74 10
18502 76 11
18502 86 12
18503 48 31
18503 64 51
18505 47 34
18523 47 34
18530 68 43
18530 71 50
18531 56 39
18531 90 11
18536 47 28
18544 47 20
18553 47 19
18559 59 34
18559 74 50
18586 71 38
18586 76 56
18592 59 26
18599 47 11
18617 59 20
18618 52 26
18630 52 18
18634 52 17
18641 74 45
18643 57 36
18644 84 11
18645 56 49
18645 81 82
18675 44 37
18675 57 51
18677 45 40
18691 45 47
18703 71 19
18733 58 47
18733 83 27
18734 44 34
18734 78 14
18735 59 46
18743 58 46
18745 59 47
18746 80 12
18747 58 43
18747 73 19
18753 59 44
18756 59 44
18758 44 16
18758 61 38
18760 57 33
18760 60 42
18762 58 48
18764 57 43
18764 61 35
18767 45 16
18767 57 42
18767 61 35
18770 57 42
18770 61 36
18771 45 35
18772 58 47
18777 57 40
18779 64 51
18781 61 33
18784 61 32
18787 61 31
18788 60 38
18790 81 12
18791 76 55
18791 85 10
18792 71 40
18793 61 31
18794 58 34
18795 51 14
18797 45 14
18799 57 31
18805 57 32
18807 73 34
18808 52 18
18812 45 15
18818 57 30
18819 52 10
18822 69 26
18826 45 15
18831 57 31
18835 50 21
18835 71 23
18838 57 23
18840 52 17
18849 69 25
18849 85 23
18849 88 38
18850 57 57
18861 45 26
18868 88 12
18877 81 77
18880 44 31
18880 57 35
18882 45 37
18888 73 10
18889 65 32
18889 71 21
18891 64 37
18893 52 22
18896 45 42
18897 69 10
18904 52 34
18907 74 50
18908 40 41
18910 79 23
18914 32 15
18924 33 23
18933 34 29
18935 45 15
18939 33 31
18945 34 30
18945 45 21
18952 52 31
18952 59 38
18953 74 24
18956 81 20
18962 74 52
18963 78 32
18964 66 35
18965 57 48
18970 45 39
18972 57 33
18975 57 33
18978 57 37
18979 53 31
18979 64 47
18981 52 39
18982 41 46
18984 59 24
18990 59 37
18992 79 20
18993 45 48
18993 73 55
18994 57 48
18994 69 49
18995 83 18
18995 92 17
18996 52 44
18997 37 41
18998 45 46
19001 57 34
19002 78 10
19003 45 46
19010 79 16
19012 45 46
19024 45 40
19027 33 30
19031 33 29
19042 33 25
19044 45 31
19049 73 29
19049 88 25
19052 61 32
19053 44 25
19053 57 30
19055 34 28
19056 45 25
19060 52 17
19064 45 16
19072 45 26
19074 52 9
19078 79 16
19079 57 51
19080 45 40
19080 64 40
19080 83 20
19082 92 11
19084 45 44
19089 61 25
19097 45 48
19112 59 32
19114 52 21
19116 45 47
19117 59 31
19120 73 24
19122 44 43
19123 57 45
19126 41 29
19132 57 29
19137 81 84
19138 46 38
19138 57 40
19138 74 44
19139 69 50
19140 45 43
19140 78 13
19143 44 37
19146 45 37
19155 50 15
19163 38 26
19174 38 21
19182 56 36
19183 64 19
19184 57 39
19185 45 40
19193 73 19
19194 78 49
19195 46 30
19195 74 33
19197 45 35
19200 45 40
19200 62 46
19213 56 34
19215 57 34
19216 45 30
19216 78 52
19220 45 44
19226 80 33
19226 83 47
19227 74 48
19228 52 41
19230 54 35
19232 53 29
19234 54 33
19237 36 22
19239 54 27
19246 62 14
19257 35 35
19259 36 36
19269 35 29
19275 34 23
19278 35 28
19283 78 13
19284 35 26
19284 48 40
19284 59 53
19284 75 18
19286 47 33
19289 35 19
19291 81 11
19294 35 19
19297 66 33
19297 73 26
19298 47 36
19299 54 35
19311 78 49
19313 47 38
19328 61 42
19328 80 13
19341 60 39
19341 74 25
19341 81 20
19344 54 19
19344 62 55
19350 73 19
19351 62 43
19353 48 30
19354 62 52
19355 73 19
19356 75 18
19356 81 18
19356 85 23
19357 59 57
19357 66 43
19360 54 16
19361 81 12
19363 47 22
19369 47 38
19385 73 31
19385 81 77
19386 83 19
19387 74 40
19388 69 38
19391 47 29
19391 84 14
19393 46 30
19396 78 12
19398 59 33
19399 38 24
19404 38 26
19410 57 21
19411 38 30
19415 78 50
19418 45 37
19422 64 11
19423 45 38
19431 62 53
19433 45 39
19433 84 16
19435 57 11
19436 45 40
19437 78 23
19446 46 42
19446 83 22
19447 57 44
19447 85 41
19448 45 51
19448 81 14
19467 78 38
19475 80 32
19476 83 47
19477 81 17
19479 54 32
19480 36 33
19480 78 32
19481 45 38
19481 81 21
19486 36 25
19490 54 27
19492 35 27
19499 78 18
19500 35 29
19503 34 23
19505 47 25
19508 35 34
19512 34 24
19516 35 28
19527 35 26
19533 35 25
19534 48 33
19534 59 47
19536 47 36
19545 35 13
19549 47 39
19555 35 13
19562 81 40
19563 62 45
19563 69 42
19563 88 22
19567 36 16
19567 47 39
19569 57 36
19571 58 45
19574 58 41
19576 57 35
19579 57 31
19582 57 33
19584 58 35
19591 58 36
19593 57 29
19594 66 38
19594 73 15
19596 54 35
19601 54 28
19603 57 29
19608 59 48
19620 47 36
19622 85 18
19623 74 16
19624 59 41
19624 62 33
19627 47 24
19628 62 32
19631 57 31
19632 38 21
19633 58 32
19640 38 22
19645 50 16
19649 38 25
19653 57 34
19657 45 37
19672 45 42
19682 62 55
19682 69 17
19685 45 31
19708 69 26
19709 81 77
19709 84 10
19711 57 17
19738 78 40
19738 86 38
19739 73 21
19740 66 29
19741 54 40
19742 45 30
19746 54 18
19750 54 24
19759 54 22
19770 57 36
19781 76 42
19781 85 48
19784 81 20
19812 80 30
19812 82 21
19813 83 50
19814 81 26
19830 69 10
19832 50 14
19844 50 15
19848 73 42
19855 76 43
19860 81 60
19863 55 18
19863 66 26
19864 42 33
19865 61 45
19874 61 37
19879 61 51
19881 54 15
19882 42 29
19884 76 20
19891 76 18
19894 77 10
19895 49 34
19899 76 14
19904 77 9
19907 49 30
19914 81 28
19916 49 34
19916 69 44
19920 50 30
19920 64 48
19920 78 48
19921 71 20
19922 49 32
19922 61 32
19925 49 29
19927 61 30
19927 71 12
19936 71 9
19939 50 34
19941 49 28
19944 78 23
19949 71 14
19949 76 49
19954 49 26
19963 49 14
19980 51 13
20005 50 15
20006 73 43
20007 58 33
20007 78 47
20008 83 10
20009 57 38
20009 69 39
20037 61 39
20067 64 35
20067 83 11
20078 69 10
20083 71 41
20086 78 15
20090 74 50
20091 69 13
20094 79 52
20094 81 19
20095 67 23
20095 77 18
20096 61 40
20097 55 40
20098 62 32
20102 43 28
20113 44 22
20119 44 24
20120 71 11
20124 69 18
20125 62 53
20126 67 13
20128 50 12
20133 43 15
20136 71 34
20136 81 80
20138 42 26
20138 79 15
20150 67 29
20151 55 34
20168 50 21
20169 73 38
20178 76 35
20180 83 44
20181 43 31
20183 57 39
20184 45 37
20195 73 13
20198 46 33
20199 64 50
20200 45 44
20237 71 21
20238 45 21
20256 45 10
20263 81 78
20264 73 39
20265 57 37
20276 45 17
20287 45 20
20293 44 33
20293 67 21
20293 71 42
20294 74 43
20294 77 18
20294 79 36
20295 62 32
20296 57 35
20298 55 35
20298 79 36
20301 56 30
20303 57 23
20306 44 34
20309 64 37
20311 44 33
20314 81 13
20315 57 19
20315 79 32
20319 44 26
20323 78 36
20324 69 34
20324 73 43
20325 44 39
20325 79 33
20326 61 41
20327 54 35
20328 43 36
20330 42 33
20343 54 15
20345 42 28
20345 78 39
20354 49 34
20357 69 38
20367 42 14
20367 49 30
20380 49 31
20380 78 36
20381 81 80
20383 64 42
20384 49 29
20387 71 9
20391 49 28
20397 78 28
20402 49 23
20406 49 32
20412 48 41
20412 59 43
20413 74 45
20415 46 29
20418 48 39
20422 47 28
20428 47 35
20469 73 20
20470 54 30
20497 74 52
20497 78 31
20498 57 40
20498 66 36
20498 85 18
20502 57 38
20519 57 30
20524 58 37
20525 47 36
20526 59 50
20526 81 10
20529 59 49
20538 73 22
20538 75 15
20540 47 37
20543 54 34
20554 79 26
20555 67 35
20555 74 48
20556 64 28
20558 53 38
20564 40 30
20568 40 28
20575 39 18
20578 52 19
20583 47 34
20583 74 23
20586 67 18
20587 47 32
20590 75 14
20593 74 18
20597 47 34
20601 74 14
20610 74 16
20612 62 60
20613 69 26
20613 78 14
20613 84 12
20622 59 30
20624 47 31
20631 48 35
20633 47 32
20639 48 32
20640 71 42
20644 47 26
20648 69 21
20655 47 19
20668 78 23
20670 50 30
20670 67 34
20670 71 24
20674 50 24
20678 50 26
20682 59 48
20687 50 18
20688 69 10
20691 62 37
20697 76 46
20698 55 34
20704 62 30
20728 78 49
20750 55 15
20758 64 49
20763 50 20
20768 67 33
20769 50 22
20769 74 23
20770 55 30
20773 73 37
20774 81 10
20775 69 36
20777 55 22
20781 50 12
20784 55 21
20784 67 26
20789 44 43
20790 57 48
20793 45 42
20806 45 49
20806 64 48
20818 71 19
20849 81 39
20850 69 51
20850 88 26
20852 62 42
20853 44 36
20853 57 38
20874 45 31
20876 64 44
20887 45 22
20893 57 26
20893 61 52
20894 52 14
20897 45 27
20901 64 35
20907 52 16
20907 64 32
20912 64 30
20917 64 28
20919 52 10
20922 64 33
20926 74 15
20927 62 49
20930 45 21
20941 57 38
20942 62 43
20949 45 12
20952 62 37
20954 64 57
20954 68 33
20954 88 28
20955 44 40
20955 83 13
20956 69 49
20962 44 25
20968 45 21
20971 71 26
20978 44 13
20982 78 10
20983 45 19
20985 59 40
20988 44 20
20988 52 13
20990 59 42
20993 45 19
20996 58 47
20998 57 49
21000 45 37
21001 57 52
21004 57 51
21008 57 46
21011 57 43
21014 57 37
21016 58 45
21018 45 33
21019 58 42
21021 45 37
21024 59 29
21025 81 80
21027 57 46
21027 74 43
21027 79 12
21027 83 16
21029 78 11
21029 84 15
21033 45 19
21037 57 33
21038 38 25
21045 38 23
21049 38 33
21056 64 17
21057 57 38
21059 45 40
21065 45 39
21074 45 45
21083 78 37
21084 62 50
21084 88 10
21088 45 45
21100 39 31
21100 78 18
21101 84 15
21103 45 30
21111 78 41
21113 80 21
21113 83 24
21114 40 33
21115 53 35
21117 36 36
21119 37 36
21119 54 31
21125 37 31
21125 54 29
21127 36 32
21141 35 32
21154 35 28
21163 47 45
21163 59 52
21164 75 12
21165 35 26
21172 35 22
21174 54 32
21176 35 17
21178 47 39
21184 35 9
21192 78 18
21199 47 32
21202 54 14
21206 80 14
21207 73 16
21209 54 12
21210 47 24
21213 59 47
21216 59 48
21219 59 47
21220 81 21
21221 74 23
21224 59 40
21224 62 55
21226 47 20
21228 62 48
21231 47 45
21233 59 58
21233 62 47
21233 78 47
21234 85 23
21235 66 42
21249 47 39
21261 61 36
21264 81 38
21265 62 43
21265 69 46
21265 88 28
21266 54 36
21266 59 33
21266 85 10
21270 84 13
21271 57 31
21275 57 40
21278 38 18
21289 38 29
21292 39 33
21292 50 22
21293 66 35
21294 38 24
21302 38 20
21307 45 37
21312 45 35
21321 71 41
21322 63 39
21323 84 16
21324 62 53
21324 73 54
21327 66 13
21328 45 36
21335 46 31
21336 57 45
21337 45 47
21353 78 42
21353 83 18
21354 66 44
21354 71 50
21354 85 16
21355 44 44
21355 53 33
21355 81 24
21356 73 31
21357 45 41
21357 54 30
21364 54 23
21364 81 16
21366 35 22
21371 81 14
21372 75 13
21373 35 26
21377 81 9
21382 35 27
21387 35 25
21398 35 24
21413 48 25
21413 59 44
21416 47 25
21420 54 11
21421 75 27
21427 47 31
21439 68 34
21440 62 51
21440 81 45
21440 88 22
21441 69 49
21442 57 41
21442 90 11
21444 47 31
21444 58 39
21446 57 36
21447 47 32
21449 57 36
21451 46 29
21452 57 35
21453 47 34
21456 57 31
21464 58 31
21466 71 17
21469 57 31
21470 66 28
21471 73 17
21473 47 44
21473 54 35
21474 71 18
21481 57 30
21485 58 51
21485 75 14
21487 57 46
21490 57 44
21493 57 45
21495 58 47
21497 57 40
21500 59 41
21501 62 61
21501 73 11
21501 78 23
21501 85 23
21502 84 16
21502 88 12
21503 57 41
21503 66 30
21505 48 35
21513 57 36
21514 38 28
21528 50 26
21528 66 17
21529 38 24
21544 38 23
21592 81 56
21613 78 33
21614 50 23
21624 86 22
21627 50 23
21636 78 14
21663 69 22
21667 57 35
21667 76 41
21667 85 25
21681 62 53
21683 49 25
21701 83 25
21717 45 34
21728 78 10
21729 81 10
21734 45 37
21734 73 37
21742 76 41
21746 81 60
21750 66 25
21751 44 40
21753 54 30
21754 61 43
21760 42 28
21763 61 50
21765 41 20
21767 54 13
21770 76 19
21778 49 32
21778 76 14
21782 77 9
21785 76 12
21790 49 30
21798 69 43
21804 50 32
21805 64 46
21805 78 49
21806 71 19
21808 61 32
21809 49 34
21813 49 31
21814 71 10
21823 49 27
21826 61 23
21827 49 28
21829 78 21
21837 54 23
21841 61 15
21846 54 18
21856 54 14
21867 53 14
21890 73 38
21890 78 50
21890 80 27
21892 81 31
21893 44 31
21893 57 35
21893 69 42
21896 58 31
21898 57 34
21910 78 33
21920 61 25
21950 64 34
21951 83 9
21958 61 17
21967 74 35
21969 78 41
21978 83 27
21979 62 51
21979 67 20
21980 55 28
21981 43 24
21983 77 11
21987 43 24
21995 55 14
21997 44 26
22000 43 21
22008 42 19
22009 69 14
22019 78 35
22035 67 30
22036 55 29
22045 78 17
22052 73 27
22053 49 19
22056 50 10
22059 76 47
22065 81 57
22066 69 14
22067 45 32
22068 57 35
22083 45 40
22085 64 18
22123 64 42
22123 71 12
22149 45 14
22151 58 29
22152 69 11
22153 57 33
22157 45 13
22172 45 14
22178 71 40
22178 81 22
22179 67 22
22179 79 37
22180 62 34
22180 77 14
22182 43 30
22182 55 36
22183 81 11
22191 64 44
22192 44 34
22192 57 22
22193 67 18
22196 44 29
22199 81 22
22200 69 38
22201 79 31
22203 43 26
22204 73 27
22208 57 32
22210 61 39
22210 78 48
22211 42 39
22214 43 30
22215 54 39
22218 42 34
22228 42 33
22230 43 34
22232 42 32
22233 78 44
22237 69 40
22238 50 37
22238 61 35
22240 49 33
22243 77 9
22249 54 9
22250 49 31
22261 49 32
22263 73 39
22266 71 20
22266 76 17
22267 49 36
22267 64 50
22268 81 58
22270 49 32
22285 50 33
22286 61 24
22287 49 24
22291 61 24
22295 78 21
22296 74 42
22297 59 47
22299 48 46
22304 47 38
22311 47 37
22353 54 27
22353 66 41
22353 73 20
22380 69 13
22381 57 37
22381 74 47
22384 85 10
22401 57 29
22409 76 45
22420 57 26
22422 47 17
22427 57 24
22437 71 16
22437 78 48
22438 64 41
22467 59 32
22497 62 40
22497 81 9
22521 59 26
22521 71 43
22523 62 29
22528 62 24
22530 59 28
22540 67 28
22545 62 16
22549 70 38
22553 74 49
22555 62 43
22556 58 30
22557 55 28
22557 81 11
22560 58 33
22573 58 23
22584 58 19
22593 58 17
22598 58 17
22610 75 44
22614 44 18
22614 58 20
22615 76 55
22624 55 14
22660 78 25
22661 66 35
22665 81 26
22666 69 48
22669 74 49
22670 62 52
22672 49 17
22675 50 14
22690 50 12
22696 57 39
22730 62 31
22754 74 49
22756 64 37
22771 62 29
22775 62 27
22805 58 30
22806 64 36
22806 81 32
22808 57 40
22809 69 42
22837 78 30
22838 62 51
22838 66 34
22885 50 13
22894 81 81
22896 69 51
22898 78 14
22900 57 16
22902 37 23
22905 38 28
22907 57 25
22917 37 24
22920 38 28
22924 64 24
22925 57 35
22926 45 41
22942 45 44
22952 62 56
22952 78 36
22953 88 10
22954 51 29
22954 84 13
22957 57 15
22957 78 37
22959 45 37
22968 45 30
22969 57 33
22974 78 35
22982 38 36
22983 80 31
22983 83 48
22985 46 29
22985 53 28
22987 36 31
22987 57 28
22988 78 25
22989 37 32
22990 54 26
22995 54 27
22997 36 28
23005 35 29
23006 62 12
23011 35 31
23024 35 25
23032 35 20
23033 46 29
23035 47 41
23035 59 52
23035 75 14
23042 35 16
23049 35 13
23049 73 10
23051 47 31
23051 54 17
23060 78 16
23063 47 18
23066 54 17
23070 47 29
23077 73 23
23077 80 13
23079 54 12
23080 59 50
23083 47 27
23090 60 49
23091 54 14
23091 74 20
23091 81 20
23092 61 54
23094 59 45
23094 62 54
23095 47 22
23095 73 16
23099 59 47
23100 62 36
23103 46 29
23103 78 47
23103 85 24
23104 66 44
23104 75 16
23105 47 38
23105 59 57
23110 62 33
23119 47 34
23132 46 33
23132 81 78
23133 85 16
23134 69 33
23134 76 12
23135 57 50
23136 62 37
23137 58 49
23138 47 26
23139 57 45
23142 57 53
23146 38 20
23151 38 26
23160 78 34
23165 38 19
23169 38 19
23178 45 41
23186 64 16
23186 78 20
23189 62 53
23189 83 28
23192 84 25
23192 85 43
23193 45 40
23197 78 13
23198 45 43
23206 56 32
23206 84 18
23208 57 29
23210 45 36
23210 78 18
23212 46 34
23214 45 38
23220 73 34
23220 80 32
23220 83 49
23220 90 19
23221 45 30
23221 50 37
23221 78 47
23222 56 24
23229 54 26
23229 81 17
23237 36 28
23243 35 27
23244 78 24
23252 35 30
23263 35 25
23265 74 9
23274 35 25
23276 46 32
23277 59 49
23278 47 43
23278 75 15
23280 35 23
23286 35 12
23293 47 35
23306 78 11
23306 81 31
23307 62 40
23307 69 47
23310 47 28
23310 58 45
23320 58 40
23325 47 28
23337 54 34
23337 73 24
23340 54 36
23341 47 29
23343 58 30
23343 62 22
23346 54 28
23350 57 39
23352 46 33
23353 58 53
23354 47 41
23354 75 11
23355 59 52
23358 59 53
23362 59 51
23365 59 50
23367 62 42
23369 78 29
23370 66 33
23371 57 46
23372 84 15
23373 47 32
23374 37 13
23374 57 47
23376 58 46
23378 57 46
23380 38 21
23386 38 22
23391 38 27
23400 45 38
23402 66 9
23409 64 12
23411 66 9
23416 45 42
23425 64 51
23425 71 24
23426 86 10
23432 45 34
23440 51 27
23443 52 11
23453 81 77
23455 73 15
23456 45 25
23458 54 28
23463 54 21
23468 54 21
23479 45 16
23480 53 22
23482 78 22
23482 86 35
23483 57 41
23483 85 11
23485 45 20
23486 78 34
23494 45 17
23502 81 33
23504 86 9
23506 78 13
23510 53 21
23512 62 44
23514 45 16
23520 45 11
23526 82 30
23526 85 48
23527 76 42
23541 62 47
23543 50 29
23556 82 21
23557 50 33
23557 73 30
23557 81 30
23557 83 50
23576 66 29
23586 73 17
23594 54 18
23595 73 40
23600 76 46
23603 81 79
23608 61 41
23609 54 33
23611 61 46
23614 42 30
23625 54 16
23626 42 24
23627 76 22
23630 41 29
23634 76 19
23635 49 31
23638 77 9
23640 41 18
23641 76 15
23644 42 14
23648 49 40
23649 42 21
23652 81 26
23661 71 29
23662 64 47
23662 78 53
23663 61 33
23663 69 49
23668 71 15
23680 49 28
23685 49 26
23692 76 54
23695 54 33
23696 64 31
23698 61 17
23703 61 14
23706 64 25
23708 61 10
23713 64 39
23749 73 37
23749 90 35
23750 53 30
23750 78 55
23751 58 31
23752 83 12
23753 57 42
23780 61 42
23781 80 9
23810 64 35
23812 57 39
23827 78 16
23830 71 22
23833 74 45
23836 79 55
23837 77 20
23838 44 25
23838 67 27
23839 62 49
23841 55 36
23844 43 33
23849 43 26
23853 55 16
23860 43 30
23861 71 10
23865 43 15
23868 69 9
23875 43 19
23878 74 49
23878 81 80
23879 55 21
23879 71 45
23892 55 32
23904 49 12
23904 62 27
23913 69 11
23915 73 33
23919 76 39
23923 83 43
23924 81 21
23925 57 42
23925 73 26
23927 44 39
23928 79 13
23929 45 39
23930 64 15
23942 45 47
23974 63 32
23975 71 20
23976 64 45
24002 81 81
24003 73 52
24004 58 33
24004 69 25
24006 57 44
24010 45 21
24031 44 35
24031 77 19
24032 62 37
24032 71 41
24032 79 34
24033 67 24
24036 57 40
24038 44 31
24041 57 36
24044 44 34
24049 44 35
24050 57 34
24050 62 29
24052 81 30
24053 62 27
24055 79 26
24056 44 28
24058 64 24
24059 69 41
24061 62 19
24062 73 42
24064 42 37
24064 61 41
24064 76 21
24064 78 52
24065 55 30
24066 41 38
24067 66 26
24068 43 32
24068 53 36
24072 42 29
24081 54 17
24083 42 29
24091 80 14
24094 49 27
24098 49 27
24102 48 20
24105 49 27
24117 64 43
24118 71 16
24118 81 77
24123 49 26
24137 49 22
24142 78 37
24147 49 26
24150 66 32
24150 71 15
24150 74 48
24151 59 41
24154 48 37
24156 47 33
24207 66 41
24208 54 29
24208 73 22
24212 47 24
24228 47 19
24235 62 46
24235 74 54
24236 69 16
24236 81 18
24237 57 40
24258 57 29
24262 48 27
24263 71 38
24264 58 46
24265 47 27
24266 59 42
24271 59 43
24276 54 32
24276 59 38
24278 62 18
24280 47 24
24281 54 30
24284 59 36
24289 59 30
24290 74 58
24292 54 28
24292 59 48
24292 79 30
24293 64 30
24294 67 38
24295 53 38
24297 52 37
24299 40 31
24301 52 31
24314 40 23
24322 41 31
24324 40 31
24325 47 26
24331 47 22
24342 74 52
24348 47 36
24348 62 53
24349 79 28
24349 84 13
24351 67 31
24361 47 24
24370 69 13
24375 69 12
24377 64 51
24378 51 30
24378 71 37
24379 67 17
24380 52 19
24390 78 11
24391 59 35
24392 51 23
24395 52 10
24400 59 35
24405 74 55
24406 67 35
24440 51 21
24445 51 28
24451 55 33
24458 59 15
24460 51 30
24462 55 28
24463 81 85
24465 51 36
24466 59 37
24466 78 13
24479 51 25
24488 51 24
24496 55 37
24497 64 32
24506 73 38
24507 76 50
24508 69 39
24510 55 29
24523 44 41
24523 57 55
24523 79 17
24524 64 46
24526 45 42
24526 92 9
24529 57 47
24539 46 38
24541 45 50
24552 71 12
24582 74 50
24582 78 27
24583 66 33
24583 81 22
24586 44 22
24595 64 20
24607 45 22
24615 64 36
24616 45 25
24627 73 50
24628 83 11
24632 45 29
24651 45 20
24660 45 30
24660 71 51
24661 62 44
24664 90 15
24666 73 13
24675 45 10
24676 52 13
24680 64 37
24683 62 41
24686 73 27
24687 64 47
24689 57 23
24689 80 16
24691 61 45
24692 52 13
24694 45 22
24696 61 45
24700 57 49
24701 44 26
24701 61 45
24706 61 43
24709 64 29
24714 45 27
24719 76 21
24720 80 9
24720 83 16
24721 64 54
24728 61 36
24732 45 18
24732 71 15
24737 52 19
24739 44 33
24743 57 42
24745 45 46
24748 73 16
24756 61 30
24760 52 17
24762 81 80
24763 74 44
24764 84 17
24764 88 12
24765 56 32
24765 78 14
24767 45 37
24767 64 21
24774 57 30
24779 38 25
24788 37 32
24790 64 31
24791 57 38
24792 45 42
24807 45 46
24818 44 37
24818 74 28
24818 78 53
24819 62 51
24819 84 16
24824 45 38
24834 57 41
24837 45 33
24842 45 30
24843 78 48
24847 83 48
24850 54 39
24852 78 19
24853 54 30
24856 62 21
24859 54 29
24862 48 12
24871 78 19
24875 35 33
24877 36 38
24879 35 36
24883 74 11
24885 34 31
24888 35 32
24895 58 44
24897 59 51
24898 75 18
24899 47 40
24904 35 23
24908 54 36
24914 47 25
24914 73 24
24931 47 22
24937 54 23
24940 80 15
24945 47 26
24945 54 20
24945 59 48
24948 59 49
24951 59 48
24954 81 17
24955 74 18
24959 54 9
24959 59 37
24959 62 38
24962 62 50
24964 73 23
24965 44 32
24965 66 51
24966 75 22
24968 47 36
24968 71 9
24969 59 48
24973 62 43
24975 59 37
24978 54 15
24978 59 37
24979 46 17
24981 61 42
24982 54 14
24984 47 31
24988 47 27
24988 61 39
24989 59 31
24992 61 37
24995 81 40
24996 88 27
24997 69 51
24998 57 44
24998 62 40
24998 85 11
25000 78 18
25001 58 35
25001 84 17
25006 57 31
25008 38 23
25012 57 21
25016 39 29
25021 57 11
25023 50 23
25024 38 26
25026 66 37
25027 37 21
25032 38 20
25038 45 35
25038 57 42
25039 62 18
25041 45 39
25051 64 36
25053 46 37
25053 66 22
25054 84 9
25055 62 49
25055 73 53
25056 45 41
25060 45 37
25066 57 35
25080 50 29
25083 71 42
25083 78 30
25084 37 31
25084 66 32
25086 54 32
25091 81 20
25093 75 12
25096 35 22
25101 47 12
25112 35 29
25115 47 20
25116 35 28
25124 35 25
25132 35 24
25139 48 32
25141 59 47
25141 75 14
25143 47 30
25145 35 15
25155 47 38
25167 69 49
25167 78 22
25168 62 42
25168 88 22
25170 58 43
25170 66 30
25173 47 38
25178 57 29
25180 58 39
25187 58 36
25190 58 34
25193 58 32
25196 73 18
25197 55 31
25199 54 27
25200 58 31
25203 54 25
25209 47 41
25209 71 18
25209 75 16
25210 59 51
25212 54 26
25220 54 19
25225 51 41
25225 74 25
25225 78 33
25225 88 21
25226 62 49
25226 66 35
25226 84 30
25226 85 19
25227 44 47
25227 69 37
25230 49 38
25239 38 22
25241 57 27
25242 50 30
25245 50 33
25246 38 22
25248 57 19
25253 38 26
25261 38 23
25277 38 14
25344 69 27
25350 98 18
25399 97 28
25443 95 16
25471 81 54
25472 64 39
25472 73 17
25472 83 15
25473 54 30
25501 61 35
25506 64 14
25527 93 11
25528 66 28
25528 78 34
25528 90 38
25531 55 17
25537 54 12
25558 81 20
25559 69 41
25562 76 33
25616 78 35
25616 90 36
25619 55 17
25619 73 26
25635 90 18
25646 78 9
25648 76 36
25675 81 16
25676 69 40
25709 95 18
25710 55 31
25736 62 39
25753 81 21
25753 90 39
25755 55 21
25765 67 26
25771 90 20
25795 81 20
25795 93 23
25797 57 33
25825 93 14
25847 93 15
25856 64 35
25883 71 43
25910 55 35
25910 74 19
25912 86 25
25914 82 18
25914 91 40
25935 81 49
25943 90 40
25944 66 25
25944 73 21
25947 54 36
25961 90 35
25971 81 53
25973 61 32
25978 54 16
25998 85 19
26002 64 36
26004 83 9
26008 54 16
26031 59 32
26031 81 15
26032 86 22
26032 90 10
26033 78 33
26034 59 36
26035 93 11
26059 78 17
26092 78 26
26093 66 31
26120 81 17
26121 69 40
26148 62 42
26151 88 11
26169 83 16
26179 65 35
26179 90 41
26180 71 13
26181 51 13
26181 64 43
26196 90 23
26208 59 27
26240 62 42
26240 81 12
26263 83 17
26266 59 13
26281 79 26
26285 79 27
26288 82 35
26294 86 16
26295 55 29
26296 62 33
26301 58 28
26312 55 20
26321 55 16
26328 55 14
26337 55 12
26344 55 21
26353 79 28
26359 88 13
26376 79 16
26414 78 38
26418 81 47
26421 62 45
26422 69 9
26423 49 9
26439 78 17
26453 69 13
26454 57 28
26509 64 37
26510 74 36
26566 78 25
26567 66 33
26596 81 25
26597 69 43
26599 57 29
26622 62 41
26644 74 43
26648 78 26
26655 44 33
26655 77 20
26656 67 26
26656 83 28
26657 55 35
26658 43 29
26663 43 28
26671 55 19
26673 44 33
26676 43 24
26690 43 14
26695 78 40
26702 43 10
26711 55 35
26718 78 19
26729 73 23
26738 76 43
26743 81 57
26744 57 41
26745 45 38
26748 45 46
26756 64 47
26801 71 14
26802 45 18
26825 45 22
26830 59 36
26834 45 19
26859 79 32
26860 45 20
26863 59 35
26863 73 18
26864 45 16
26866 59 38
26869 59 40
26874 59 31
26874 61 31
26877 61 31
26885 79 31
26886 59 42
26887 78 36
26888 66 28
26888 76 21
26889 61 44
26890 54 36
26891 42 33
26906 42 26
26909 78 41
26912 42 29
26914 43 32
26917 61 32
26918 49 33
26929 49 30
26936 74 38
26940 78 32
26946 81 57
26948 64 38
26948 71 9
26950 49 30
26954 49 28
26957 78 23
26963 49 29
26967 49 33
26976 59 44
26976 74 50
26981 66 29
26982 47 36
26986 47 32
26991 47 34
27039 66 26
27039 73 26
27040 54 29
27068 57 37
27069 74 50
27081 57 31
27091 57 27
27098 66 20
27098 76 48
27099 55 29
27099 73 24
27101 47 15
27101 54 25
27105 47 11
27110 54 26
27117 54 27
27117 74 37
27120 47 12
27122 54 21
27127 54 17
27128 78 35
27129 57 31
27130 64 24
27131 41 32
27132 59 31
27133 78 32
27134 40 27
27136 52 33
27139 40 26
27139 52 28
27139 74 14
27148 39 19
27151 52 14
27152 78 23
27155 40 20
27161 47 32
27161 59 38
27176 47 28
27195 47 37
27195 62 48
27195 69 15
27198 47 28
27204 47 25
27208 47 30
27217 47 22
27226 71 42
27232 47 17
27242 47 12
27247 67 30
27257 70 36
27266 44 33
27266 77 14
27267 55 32
27268 43 31
27273 43 25
27277 43 24
27282 55 14
27283 44 27
27289 43 22
27293 70 12
27297 43 13
27415 79 31
27421 82 39
27425 58 27
27425 62 37
27427 88 14
27443 79 10
27687 74 33
27695 78 36
27703 81 52
27704 56 30
27706 57 36
27709 86 12
27715 38 25
27719 78 14
27726 38 29
27735 38 24
27744 38 21
27754 45 33
27769 45 36
27802 64 33
27840 54 26
27849 64 13
27863 54 15
27872 57 25
27900 64 32
27930 66 24
27956 69 40
27957 44 19
27984 76 39
28013 78 39
28036 78 20
28045 81 60
28106 81 9
28110 90 18
28112 81 12
28157 81 16
