0 72 54
1 48 40
1 82 9
1 91 27
2 67 40
7 88 9
21 55 41
22 91 22
23 74 55
23 93 9
42 93 26
43 52 42
43 88 20
44 71 24
48 52 41
63 67 40
64 91 19
65 55 42
65 93 15
83 76 52
84 48 40
104 55 41
105 91 19
106 74 20
125 72 55
125 91 27
126 64 38
128 52 41
131 52 42
146 67 39
146 91 21
147 64 20
147 74 20
147 93 9
148 55 43
162 91 28
166 60 31
167 48 40
167 82 9
173 88 9
187 55 41
187 79 13
187 91 22
189 74 55
207 93 26
208 52 40
209 71 23
209 88 20
211 52 42
214 52 42
228 67 40
229 91 19
230 55 43
230 64 20
230 93 15
249 48 40
249 76 52
269 55 41
271 74 20
271 91 19
271 93 9
290 72 55
290 91 26
291 64 38
298 52 41
311 67 40
311 91 22
312 93 9
313 55 43
313 74 20
327 91 10
331 76 52
332 48 40
352 55 41
353 91 19
354 74 19
354 93 9
373 77 52
374 64 38
375 71 20
376 52 40
379 52 41
394 67 40
395 74 20
395 91 19
395 93 9
396 55 43
396 79 52
414 60 32
414 82 11
415 48 41
420 88 9
435 55 41
437 74 19
437 93 9
456 51 37
457 64 38
457 71 21
457 88 20
459 52 43
462 52 42
477 67 40
478 55 43
478 64 20
478 74 20
478 93 9
496 76 52
497 48 40
517 55 41
519 74 19
519 91 19
519 93 9
538 77 52
539 52 37
539 64 38
540 71 21
544 52 42
559 67 40
560 91 18
561 55 43
561 74 20
561 93 9
579 91 35
580 48 41
580 79 52
580 82 12
586 88 9
600 55 41
602 74 19
622 64 38
622 88 20
623 71 21
627 52 41
642 67 39
643 74 19
643 93 9
644 55 42
662 62 30
664 50 41
664 69 13
682 81 54
683 55 41
683 83 20
704 71 22
705 47 39
711 66 26
713 55 9
724 77 53
725 55 41
726 74 20
726 93 10
745 48 40
745 88 37
746 76 53
765 55 41
767 74 19
767 91 19
767 93 9
786 72 55
786 91 27
787 52 38
788 64 38
791 52 44
794 52 41
807 67 39
807 91 22
809 55 43
809 74 20
824 91 36
827 79 50
828 50 40
829 69 15
848 81 54
848 83 18
849 55 41
870 47 40
875 66 32
881 81 10
889 77 53
890 55 41
891 74 19
891 93 9
910 88 37
911 48 40
911 76 52
931 55 41
932 91 19
933 74 20
951 72 55
952 91 27
953 64 38
955 52 42
958 52 42
973 67 39
973 91 21
974 64 20
974 74 55
974 93 9
975 55 43
989 91 10
993 50 40
993 93 27
995 69 14
1014 55 41
1016 93 13
1035 67 53
1035 95 16
1036 47 39
1055 55 41
1056 91 20
1057 74 20
1075 72 54
1075 91 26
1076 48 40
1076 82 9
1082 88 9
1094 67 40
1096 55 41
1097 91 22
1098 74 20
1098 93 9
1118 64 38
1118 88 20
1123 52 41
1124 72 24
1138 67 39
1139 74 55
1139 91 23
1139 93 9
1140 55 42
1158 93 28
1159 62 30
1159 69 15
1160 50 40
1162 84 9
1179 55 41
1180 67 52
1180 91 19
1181 93 13
1200 95 17
1201 59 29
1201 81 9
1202 47 40
1209 55 11
1221 55 41
1221 91 19
1222 74 21
1222 93 9
1241 60 60
1241 64 52
1241 72 61
1241 82 18
1241 83 23
1241 86 15
1241 91 37
1242 92 17
1244 48 41
1324 91 26
1325 48 40
1329 67 41
1329 88 11
1343 55 41
1344 91 27
1345 74 55
1363 60 54
1363 93 24
1364 88 18
1366 96 12
1384 62 51
1384 81 23
1385 72 18
1385 90 15
1387 62 51
1403 76 54
1423 72 54
1424 60 54
1424 79 33
1443 67 53
1443 86 20
1443 91 36
1444 95 16
1463 55 41
1465 74 20
1482 91 33
1483 60 31
1484 48 40
1484 82 9
1489 88 9
1503 55 41
1503 67 41
1503 91 26
1505 74 55
1505 93 9
1523 60 54
1523 93 25
1524 88 17
1525 96 11
1542 81 23
1543 62 55
1543 90 15
1562 76 54
1582 60 54
1582 72 54
1582 79 32
1602 67 53
1602 86 19
1602 91 36
1603 95 16
1622 55 41
1623 93 9
1624 74 19
1642 76 52
1642 86 16
1643 48 41
1643 95 17
1662 55 41
1664 74 19
1664 93 9
1682 60 54
1682 77 52
1684 96 16
1701 64 53
1702 83 22
1703 92 16
1704 100 12
1721 79 52
1741 72 54
1761 67 53
1761 86 20
1762 95 16
1781 60 54
1782 88 18
1784 96 13
1800 67 52
1800 76 52
1801 48 41
1801 86 17
1802 95 15
1821 55 41
1822 93 9
1823 74 20
1840 72 34
1840 89 36
1841 60 54
1841 77 52
1843 96 16
1860 64 53
1860 83 22
1861 92 16
1863 100 12
1880 79 51
1900 67 53
1901 86 19
1901 95 16
1902 64 21
1920 72 54
1940 74 54
1940 93 26
1960 55 41
1960 67 51
1960 79 55
1961 93 10
1972 74 38
1979 62 51
1980 81 50
1981 90 16
2001 95 16
2019 77 52
2039 88 33
2040 50 40
2040 69 17
2040 76 54
2041 84 9
2059 67 54
2059 86 23
2060 95 16
2079 72 54
2083 50 9
2098 76 54
2118 79 55
2119 55 41
2120 74 38
2138 62 51
2138 81 50
2139 90 16
2140 98 13
2159 79 47
2160 67 50
2160 95 15
2179 77 52
2199 62 29
2199 76 55
2200 50 40
2200 69 17
2200 84 10
2218 67 53
2218 86 23
2219 95 16
2238 60 53
2238 72 61
2239 88 17
2246 50 9
2258 55 41
2260 74 50
2260 93 9
2278 93 28
2280 102 10
2288 93 12
2298 81 23
2299 62 51
2299 90 15
2317 79 32
2318 67 51
2318 95 16
2337 86 32
2337 93 26
2338 74 53
2357 72 54
2357 91 25
2376 67 55
2377 86 20
2378 95 15
2396 62 51
2397 74 55
2397 81 23
2398 90 14
2419 55 41
2419 91 19
2420 93 10
2437 62 31
2437 93 25
2438 69 16
2438 84 9
2439 50 40
2476 67 53
2478 95 15
2486 50 9
2496 74 54
2497 93 27
2516 76 36
2517 55 41
2517 64 54
2517 72 62
2517 79 18
2517 82 14
2517 91 34
2517 92 18
2517 93 11
2517 95 19
2518 60 56
2518 83 20
2519 48 39
2524 74 13
2596 79 35
2597 64 9
2597 88 16
2614 67 53
2615 86 19
2615 95 16
2634 74 54
2635 93 27
2654 95 20
2672 76 54
2691 79 32
2691 86 20
2692 67 56
2692 95 17
2710 72 54
2730 86 20
2731 95 15
2749 60 54
2749 72 61
2750 88 18
2768 67 56
2768 86 20
2769 95 15
2787 74 54
2787 93 27
2807 95 19
2826 76 54
2845 86 19
2845 95 18
2864 72 54
2883 86 19
2883 95 15
2902 55 40
2902 74 50
2902 93 27
2904 102 9
2912 93 11
2921 62 55
2921 81 23
2922 90 15
2926 98 13
2940 76 54
2959 81 23
2960 90 15
2961 98 17
2979 79 52
2998 81 24
2999 90 13
3017 76 54
3036 72 54
3036 74 53
3036 81 23
3036 91 28
3037 62 51
3037 90 14
3038 98 12
3055 55 40
3055 93 26
3056 91 22
3057 102 10
3065 93 11
3074 62 51
3075 81 22
3076 90 15
3093 76 54
3112 62 51
3113 81 22
3114 90 15
3115 98 13
3131 79 52
3151 62 51
3151 74 57
3151 81 23
3152 90 14
3154 98 13
3170 93 25
3189 76 54
3208 79 52
3209 53 41
3209 81 21
3210 72 19
3210 89 19
3227 69 36
3227 81 56
3228 57 41
3229 76 55
3229 95 9
3265 60 54
3266 74 54
3266 79 51
3266 93 26
3267 102 10
3269 96 13
3303 60 54
3303 76 54
3306 96 13
3324 74 54
3324 93 27
3343 72 54
3343 91 27
3344 74 24
3361 79 55
3362 55 41
3363 74 36
3380 62 51
3380 81 50
3381 90 16
3383 98 12
3400 79 52
3419 62 51
3419 76 54
3420 81 20
3420 90 14
3422 98 12
3438 79 52
3457 62 51
3457 74 61
3457 81 21
3457 93 27
3458 90 15
3476 64 53
3476 83 23
3477 92 17
3496 72 54
3496 74 53
3496 81 23
3496 91 28
3497 62 52
3497 90 15
3498 98 12
3498 100 9
3515 55 40
3515 93 26
3516 91 22
3517 102 9
3525 93 11
3533 62 51
3533 76 54
3534 81 37
3535 90 14
3536 98 12
3553 69 52
3572 62 51
3572 79 32
3573 67 54
3573 90 15
3573 95 15
3610 84 33
3610 91 29
3611 72 54
3611 81 21
3611 90 15
3648 81 23
3649 90 15
3651 72 14
3651 98 12
3668 72 54
3668 91 29
3669 48 40
3669 67 18
3669 82 10
3675 88 9
3687 62 52
3687 74 61
3687 93 27
3688 67 12
3688 81 37
3688 90 15
3706 69 52
3706 88 24
3707 72 12
3712 62 24
3716 48 9
3717 60 15
3725 62 52
3725 79 32
3726 48 22
3726 67 55
3726 90 14
3726 95 16
3744 60 56
3745 72 56
3746 88 19
