0 60 72
231 60 0
256 65 86
256 53 73
256 57 73
487 65 0
512 65 82
628 65 0
640 67 79
756 67 0
768 65 75
884 65 0
896 64 71
974 57 0
1012 64 0
1024 62 71
1024 58 82
1255 62 0
1280 62 74
1511 62 0
1536 62 74
1742 53 0
1742 58 0
1767 62 0
1792 67 88
1792 55 80
1792 58 80
2023 67 0
2048 67 80
2164 67 0
2176 69 79
2292 69 0
2304 67 74
2420 67 0
2432 65 68
2510 55 0
2510 58 0
2548 65 0
2560 64 75
2560 60 85
2791 64 0
2816 64 76
3047 64 0
3072 64 77
3278 60 0
3303 64 0
3328 69 88
3328 61 82
3559 69 0
3584 69 79
3700 69 0
3712 70 77
3828 70 0
3840 69 75
3956 69 0
3968 67 71
4046 61 0
4084 67 0
4096 65 74
4096 62 82
4327 65 0
4327 62 0
4352 62 70
4352 58 70
4583 62 0
4583 58 0
4608 60 75
4608 57 72
4724 60 0
4724 57 0
4736 60 76
4736 57 77
4852 60 0
4852 57 0
4864 62 83
4864 58 80
5095 62 0
5120 67 86
5326 58 0
5351 67 0
5376 64 70
5376 55 70
5607 64 0
5607 55 0
5632 65 81
5632 53 83
5632 57 82
6094 65 0
6094 53 0
6094 57 0
6144 60 67
6375 60 0
6400 65 88
6400 53 70
6400 57 72
6631 65 0
6656 65 76
6887 65 0
6912 65 74
7118 53 0
7118 57 0
7143 65 0
7168 64 75
7168 58 84
7168 60 85
7630 64 0
7680 64 75
7886 58 0
7886 60 0
7911 64 0
7936 65 81
7936 55 75
7936 58 72
8167 65 0
8192 64 73
8423 64 0
8448 62 71
8654 55 0
8654 58 0
8679 62 0
8704 60 72
8704 53 74
8704 57 73
9166 60 0
9166 53 0
9166 57 0
9216 67 89
9216 55 76
9216 58 77
9447 67 0
9447 55 0
9447 58 0
9472 69 85
9472 57 81
9472 60 83
9703 69 0
9728 67 77
9844 67 0
9856 67 74
9972 67 0
9984 65 73
10100 65 0
10112 65 75
10190 57 0
10190 60 0
10228 65 0
10240 72 90
10240 53 73
10240 57 74
10471 72 0
10496 60 56
10727 60 0
10752 60 75
10868 60 0
10880 60 75
10958 53 0
10958 57 0
10996 60 0
11008 62 81
11008 55 82
11008 58 82
11239 62 0
11264 67 87
11470 55 0
11470 58 0
11495 67 0
11520 64 73
11520 60 80
11751 64 0
11751 60 0
11776 65 81
11776 53 73
11776 57 72
12238 65 0
12238 53 0
12238 57 0
